nnnnmflnw

1400 246228 6239 6290 622276232 628316324 6343 6376762707

02 6438 6469 600 632 66. 6393 6624 6633 6686 6727
02 67487 779 610 6842 6872 6903 6934 696 963 6996 7027
03 70387 79 7220 7232 71827 222 7243 7274 730377336

{ffmm

ΣΞ ι48οΞ0 7808 8880 8800308000 8098 8880 ¹3⁶² 93 7924 7977
222 22222 2222822 2222 ⁸140 2282212220

Qassmfflmsws m
08 8603 8833 8864 8693 8726 8737 88888 4809 ¹ 70
QQQQQQMQWQQ²²

Mumwfflww3mm wmwmmlm

¹¹wfffflfflfflfflffiffffiwffi⁵
”9QWQWNJMQQQQmu71
¹3 150142 0¹73 0²04 0²34 0² 65 0296 0327 033 70388 0429 3¹22}
14 044 0480 022 07427 0 72 0603 0634 0664 0695 072⁶ 9¹27·9³
2 1507222222222222222 222 222, 222

ng1ffmwwwfflm¹ffww

276 2707 2737 2768 27992 9 260 292 2922 2932
29 2982 2023 2044 2074 2203 2233 2266 2297 2227 2238

8208428372

²1 2394 2623 2633 2686 2726 274 7277 72808 2839 2869 3⁰
22 2900 2930 2962 2992 3022 303 308 322 3144 3274 1 0
mmmmmfflwff¹fflmmffl

u ψυηῃψψωώψμη70023ᾓ
sswa⁶wzwwmeQ4

sssssswQQQnummmssoemumssffifflffi

ψωψῌμὼύωωοψοᾚ
66m79m6fflm¹ffmmwmon

0 3¹ 5640 5670 3700 3732 3762 3792 3822 38332 3882 {⁹¹2
94 59776064 6034 6064 46093 6223 7233 7276 22
QQQQQQQQ4W6

49 679 6620 6640 6670 6702 6732 6762 6792 6822

{fflmemm7QOmm
vmfflwmmwmn7nn⁶wffm7w

qmwmfflfflfflfflfflfffflwss
8888 8098819 222 8232 8282 8888 8888 8872000 8302 8388 887
QQQQQQQQQQQQQ
41 8664 8694 8724 8734 8783 8823 8843 8873 8903 8933 ⁶174
¹ 42 89638 993 9023 9036 9086 9226 9246 9276 9206 9236 7403
70 Qmwwfflwwwwwwffi
&QQQQQQQQQU
2222 332 03338 323} 222} 2312 3312 3332 383 3139

{QQQQQQQQQQQ
* Amussuffiffffiffifflmfflssa

OEflmffllss 217

1400'= οο 23 20¹
14xo= 0 23 30
ΜΗΜ
2430 == 0 23 30
2440 = 0 24 ο

 

