unum

3750 57 4044 4044 4054 4066 4048 4089 4404 4444 4444 4445

ss ΜΜΜΜΜΜΜΝἫΜΜο4

754ΜΜΜ6Μ8ΜΜΜΜΜΜ
54ΜΜΜΜΜΜΜ4ΜΜ

ἱ

1

54 4494 4799 47776 4579 454¹ 64577 4594 4575 4597 4599
57 574977 4774 433 4945 4514 94979 4⁸07 770747304774
5 477 4737 4749 4799 477 4793 4795

Λ57Μ7ΜΜΜΜΜΜΜΜ
5 Μ47ΜΜΜΝΜΜΉΜΜ
54ΜΜΜΜΜΜΜΜΜΜ6

74ΜΜΜΜΜΜΜἻΩΜΜΜο
8 77 77 77 78 75 77 {⁴2 7ῖὲ 77 77 ¹ 5

959ΜἛΜΜ70οἫΜΜ75
aewffls7M7WWw3Qs Ι58754548
swmmwmmmwwmw Ι
440094494000 1
7740970044009

71 6457 6468 6480 6494 6507 6544 6546 6557 67496 6560
74 6574 6787 6595 6606 664 6649 6644 6654 6646675

45Μ84ΜΜΜΜΜΜΜΜ
74 68047 76847 6845 6856 6848 6859 6874 6884 6894 6905
445οΜ76οΜΜ6467Μ6486694440044040
46 ΜΛΜΜ4ΜΜΜΜΜΜ

,77ἫΜἺ4Μο4ΜΜΜΜἊ

775 779 73 7379 7337 7347 7354 73

796278844004444444444444446445444644480

104Μ8

ls1mfflffiffifflffl7mffifflm“
74ΉοΜΜ4 6ΗΉΜΜ4Μ9ΉΜ
Qsswmffiwhhvhmmfflw2w ,
4400070770084Μ,
,sfflffimmffifflfflssfflQQffl·g

79ΜΜΜΜΜΜΜΜΜ77
440 8444 845 8444 8456 8467 8479 8490 8504 8
8545 8556 854 8559 8570 8584 8595 8605 8646 8555 9 9.9

-ῇ-*ψ--ῇ-

3790 578659 8654 8664 8674 8685 8697 8708 8749 8754 8744

94 8 54 865 877 8788 8800 8844 8845 8854 8845 8857
94 8868 8580 8594 8905 8944 8946 89578 88 8960 974
48ΜΜΜ WWMWWmessfi

4 ΜΜΜοοΜ047Ἳῃ7ΜΜΜο0
4040440444444

93WQWQWWW94WQQ
99W34Qffifflfffffflww

⁸ mmmwwfflwwmwwffi

5750”-- 40 4 50” 37500¹'= 10⁰ 4747
576οε4440 5764οε 40440

370= 4450 3700=102820
37 = 1 5 0 57 =1o 30 0 ’

 

 

 

 

