’ππ-1111111111 122· .

01 910 9156 9141 9146 9151 9157 9161 9167 9171 9177
οπΜΜΜΜΜΜΜΜΜὛ
93 9935 9949 9245 995ι 9959 999ι 9999 9979 9977 9 9

119ΜΜΜἫ9ἫΨΜῊΜΜ
οφψψψᾎψψμημῶη
wwwvmwmmmw

HQWWQWWWWQW⁶
n97wwwmmwwwmww1⁶
1³wmfflmwmmwfflssffs

“QQQQQQQQWWW
wffimmammmwffiffim

wawfflffl W

10019 0014 0019 9555 0040 0045 0050 0055 0061 0066

19 0071 0076 0081 7 0091 0097 0101 0108 0115 0118

11 0176 0181 0186 0191 0196 0101 0107 0111 0117 0111
11 0118 0555 0158 9555 0149 0154 0159 0164 0169 0175
15 0180 0 5 0190 0501 0506 0511 0516 0511 0517

,u wqmwwmmmwmww9
2 91054 059 0595 0400 0405 0410 0416 0411 0416 0451

zsswwwwwwfflmmm.

9 ψ19ψ15ᾛο9ψο1ψο5
19991199911

vwwwwwwwwww ¹
51 49 0754 60 65 0 70 075 0581 086 0591 5596 .
55 0010807011 17 11 17055 58045 .
54 0855 0859 0864 0869 0874 0880 0885 0890 0895 5
8 ⁹² 33ξὲ 8ἔέ 8ἑὲ 88 1133112311 331311 8ἐὲ ἑ ²·⁵

3.0
3 1010 1015 1010 1015 101 106 1041 1046 1051 1057 .
59 1061 1067 1071 1078 1085 1098 1095 1098 1104 1109

41 1218 1115 1119 114 1159 1144 1149 1155 1160 1165
42 1170 1175 1181 116 1191 1196 1501 1507 1511 1517
wmmwmfflwmmwmww
uwwwwwwwwww
·wwmmmssfflffiffiffiss

45 1550 1559 1541 1549 1551 1559 1561 1567 1571 1577
QQQQQQQQQQQ

¹ 8350 911686 1691 1697 1701 1707 1711 1718 1715 1718 1755

n· 1111111111...-

83ω71Ξ ²018! 201! ΒΞΜΙΙΞ 230 312071
8510 ἶ 1 18 5ο 85100 Ξ 15 5 0
{ffzssssss Qss;3sss
Ι8541>ε1190 8540οε15100

 

 

 

