454546 21 0 9·⁶47240

. 26¹ .
's‘ ,, unffi——

20 0 4646484 ³ 4644566 5318445444 445444441η 0 4θῖ
4444 4 9444 ⁵2 4445 4444 44 4
634642 4 343634 44 48634 336365 ¹¹ 32 ¹
44 4644454 43 4644 47 ⁵³ 4445444 4454477 ¹⁰ 44
54 4647447 43 464 54 53 4445474 4454467 ¹⁰ 10 ¹
⁴³ 4644865 ⁵³ 4445444 4454556 ¹¹ 4 394
4647484 ⁴² 4644436 ⁵³ 4445464 4454446 ¹⁰ 54 '
44 4644445 43 464444 53 4445444 4454555 33 44
647467 43 4645444 53 4444456 4454445 ¹⁰ 54 ,
,6 ,6 ⁵3 0304905 9954354 {g 20 4
444 54 4454544 ω 44 2

4645444 ⁵³ 4444744 Q u 4

44 4647547 4645454 ⁵³ 4444746 4454464 54
44 4647574 43 4645447 53 4444644 4454474 ¹⁰ 40
30 9647644 43 9695360 53 0304640 9954464 ¹¹ 30 4
44 4647664 43 4645444 53 4444586 4454454 ¹⁰ 20

50Q23Q53QQ41—121037
0 4

23 4 4647744 4645548 ⁵³ 4444464 4454444
’ ¹0 4647 44 ⁴³ 4645574 ⁵³ 444444 4454444 ¹⁰ ⁵0
20 4644544 43 4645644 53 4444475 4454444 33 4⁰ ’

 

44 4647877 43 4645677 53 4444545 4454444 ¹⁰ ³⁰ 4
40 4644444 43 46454ἓὲ4 53 4444474 4454484 33 ²⁰ Α ·

53 4444447 4454444 ¹⁰ ¹⁰

ῃ 4444444444-444

9648046 4² 9695888 ⁵ 0304554 9954558 50 4
44 4646464 43 4645444 53 4444454 4454447 33 40 ’
4646454 43 464 444 53 4444446 4454444 ¹⁰ ³0

434 47 53 4445445 4454446 33 ²0
4646444 53 4444444 4454446 33 ¹0

54 -- 44

4646454 5344445844 4454446 u 4 854

³ 4648446 4544744 445 5 54
4646458 53 4444454 5 ¹⁰ 40
4846444 53 44446 4454444 33 44
4646564 53 44446 4454464 ¹⁰ 44 ’
4646447 53 444554 4454454 {g 44 ;

ἐξ 4544554 4454444 u 0 34³

4646544 4445478 4454454 0 54
38ξὲ66 {3 2:333}ae 3:333}ss {132 ‘
2 4³ 3696685 53 0303359 9954005 ¹0 4ο
4648744 33 4646744 53 4444466 4454444 ξζ 44

4648766 1} 4646767 {2 4444444 4454464 u 0 33
4648644 4646644 4445464 4454464 54 2
4648854 43 4646644 53 4444448 4454454 ¹⁰ 40

44 464684 4² ⁹'⁶⁹⁶⁹⁴{ }} 4444455 4454443 ξξ 44

44 464644 43 464644 4445444 445444 44

9694050 53 0304950 9955948 {¹1³ 50
0304894 Q ω 0 32

53——

4644456 5 4444844 4454 n 54 ’4
4647444 5} ο444744 4454 6 ω 44 1
44444 4 44444 4454 11 4
4644444 43 3635464 53 4444644 4454865 ¹⁰ 44 4

42 -·--53·-----1¹

4644444 4444584 4454854 4 31

——53—--——-10

0207472 52 4444544 4454344 u 54
30 9649405 43 5635535 53 6364466 3355863 ¹⁰ gg ³
40 9649443 4² 969465 55 030436 9955854 ¹¹ 4ο ,
50 9649485 43 9697654 53 0304356 9955804 ¹⁰ 10 ⁴

·-··-···-·-··— 11

42 W ⁵² 0304464 9958794 0 304

,ἠμΙΙΙΙΙ-ΜΑ

ffi--v—ss-ww ι-μ-ι

54 4644464 43 46454

 

 

