ΕΡ

1119113111191

1116643999 3613 3643 363 313331 363 333 3613 3633 366631 3
¹0 3 33163 ,6164166463641 4156341⁸⁶⁴03
numm ubfflwwwmfflwff

9999946616, 4454610
φ mmwfiwrsaevmosww¹
φ wwssmwwu³swwmmfw

1Μᾞῖἶῖᾞ3ψπψπψφ

ξ’ ssfflffimstfffflfflffistw ¹
Η 12966. 6346129776 964066, 6456 6465 6495 „gfff” 99ξέ
ffsswfflssfflwwwwmm1

wwwwmwwwwfflffwmv
10 7483 --60630’660 3 80
κώμῃ, msQffl

30 883071833738367 839’ 833 ,8336 8386 8336 8346 Ι

wfflwwwwffl⁸⁸fflw
30 ,8703 33 8763890188331 33 3189 338943

3 61646311 3113131301ἷ6ἶ3ο99ᾗῐῦἦ313ἧ
1ο 9²⁶⁸⁹29⁸932r 33133 341’34463436 91936
33 33311193 „3⁴1 9133313933 ⁹⁸
40883033903 03380347 ω771ῇ9379999 996660
50 0455 50564 0544 0541

Γ 0 8830733 0783 0830 0840 0870 0899 0939 0938 0988 3038 3047
10 3047 3077 3306 3336 3366 3393 3333 3334 ι384 3

’ 34033433346333333303
30 339 3868 3698 3737 37377 37 7 336 3846 3873
40 3934 396 964 3 303 3033 3083 3333 3343 3370
somffi27mwwmwfflw

5 0 8833 33 3 34 36433673 3703 3733 3760 37 13839 30
10NJ33ffiwwmmmffimw2
zumwwfflmwmmmfflw3

Ussmhffi³mv⁶mqsfim mmm}

wmwwfflffiwwmffiffimmw

30 Mmsmmmmwfflwffl

-u-——

66Μ10694ῃο9ωμ69694ω993
,0363116613961
φφᾞῇᾒῷὧῦὣψμωι

s0wssssmumwmm

7 0 8836049 6079 6308 6337 6366 636 6333 6334 638 3 43 30

30 643 673 6400 6439 6439 6488 63 7 6 6 678 8803 6834 40

863966 6683 6 36733 6733 6780 6809 6838 668 6897 6936 30

w Qwssfflmqmwfflwfflfflss
ssfflfflwffiffl⁷mwmffiffihffl

8 0883 803 830 7839 888 7938 94 7976 800 8034 8063 330
ιζ98093 38333 8333 8380 8309 8338 8367 88398 89336 83348 898340
3⁰0 1111111111111111 11918 3111 1111 111111111116 111111 1
ω thwwwwffl9ffwmw
50 9655 9² 4 9313 9342 9372 940ι 9430 9459 9866 9517 9546 051

9fflfflffffwfflwwwffiwa
86 &segne 015} 834 8811 8888 8871 68118 8180 307 J} 8883 gg
30 0433 0444 0473 03030 330 060 0989 0638 47 76 0703 30
wmwmwuwwwwm m
30 0994 3033 3033 3 3 3330 3339 3368 3397 3333 3334 3 3 050

 

 

 

nwwffezss 111111

 

»ΜΨ

