1. unumunurm·

MMWWWQQQWWQW

51 1966 1987 1008 1019 1050 1ἷ93-11-14-1ᾗ-1-156
51 1137 1199 1110 1141 111 113 1304 1315 1347 138
61Ηψψωωψ666866
4 54 1600 1611 1643 1664 168 1706 1717 1748 17 0 1791
. 7 55 311811 1853 184 1833 2808 1917 1959 1960 1981 3001

5 3013 3044 3 5 30 3¹ 3119 3150 3171 3191 3113
sw fflfflwwfflfflmm

s 15 166η68η66ωῆ
s9uwmwwwm³mm

 

wwwwffln
ωψψψῖὧῇᾒ

fflmfflmu m

wqmefflwdNJww
uwmwmmmwwssmd4
smmvmmmwmfflssmfflg

wfflfflmmwmfflmffl?
868816868861
m

71 6180 6101 6111 6143 6164 6185 6306 6317 6348 636

116886888888
7

3

4 6 6830 6851Ι 6831 6893 6913 6934 6955 6976 6997

73 31701 7οἓ0 701 7101 7113 7144 715 7¹⁶ 7202
719 7190 73¹1 7331 7353 7374 7395 741

mmmmwwwmmm
gwwffiwwwwwffffl
9 mmwmmmw 116
8105 8116 8147 81681 8189 8109 8130 8151

8888888668Ηιο
8710 8731 8751 8773 8794 8814 8835 8856 8877 1

ΜΜἪΜΨΜΜωψΜζ
319106 9117 914 9169 9189 9110 9131 9151 913 9193 .
9356 9377 939 9413 9439 9400 1 9501 ,

wwmffiwwwwww

sffwffl·
3 4 0105 0116 9180

7
7
7
7

 

0588- 0109 0119

smffiwmffffiffw
91 051 051 0603 14 0645 0665 0686 0707 0718 0748
4 93 07⁶9 0790 0811 0831 0852 0³73 0894 11141115 095⁶

9 1060 1080 1101 1111 1143 1163

 

1105 1115 114 1167 1188 1308 1319 1350 1571
wmmwmmwmwwmw

¹ ⁹3 ¹33⁸ 8ἑί {3⁴⁰ ἷὲἓὲ 8ἓέ {⁷⁰² {⁷²3 :⁷⁴3 {⁷⁶1 {⁷⁸3
, 39 1011 1033 1055, 1075 1095 zm 2337 2327 2338 2239

, 2100 311119 1140 116171181 1301 1313 1343 1364 1385 1405

ῇὲυἶ 003411011
ΗΜ
wmw
0 = 0 34 40

 

