34· ·

w--ffl———n—

nmffm-‘m

10 0ffl31Q45Q291-773214050

¹0 9·7494⁶0 ι 9855755 9588945 9957795 59
40 9749494 3 9854800 45 0468400 9947694 ¹4 40
50 9749499 ³} 9855845 55 9588555 9957877 84 59
49 9749595 5 9845895 9588599 9957889 85 99
59 974954 58 9855948 45 9588984 9957848 {2 10

11 0 9749855 ³¹ W ⁴⁵ 9588959 9957854 9 49

59 9749848 ³¹ §.W *Ξ 9587974 9957859 ¹⁵ 50
99 9749877 58 9849979 4 9587 98 9957895 84 49
49 9749798 58 9849557 45 958758 9957495 84 59
49 9749749 2} ⁹'{³²¹⁶} 22 9587845 9957578 {⁵ 99
59 9749779 1 9 4999 45 9587799 9957589 4 59

12 0 9749895 ³ 9849955 9587747 ffl ¹⁴ 95

40 974984 3¹ 9854498 48 0467704 994-75Ῑ ¹⁴ 0
20 9749854 58 985945 ⁴⁵ 958784 995755 85 ⁵
49 9749894 58 9859459 48 9587854 9957595 84 48
49 974999 58 9849454 45 9587588 9957495 84 59
59 9749958 3} 9849479 22 9587595 9957478 85 59

..-.,4

9749987 31 Q 45 9587475 99574-89, 1 9 47
8 9854570 046740 9947448 450

99 9759948 {2 9859854 45 958745 9957444 85 49
49 9759979 31 5252022 2 9597449 9957459 {2 50
49 91759559 31 ⁹ts³²⁷ 45 957994 9957495 15 99
59 9749545 959755 9587949 9957499 59

14 9 9759579 {1 9849798 2⁵ 9587994 9957478 {2 0 46
9750405 9854844 0467458 9947564 50
99 9759944 ³} 9849887 45 958755 9957447 85 49
9748885 31 ⁹·832452 ⁴⁵ 958798 9957544 84 49
49 975999 5, 9849977 ⁴2 9587995 9957559 84 99
9759497 5 9844994 4 9588977 9957494 85 59

-31—-4 -.----14

15 ὀ 9750558 9855068 0466954 9947490 0 45

10 9750589 3¹ 985544 4⁵ 0.166887 9.917276 ¹4 0

ἓ 5
40 9750440 3} 985545 4 0466844 9947464 45 40
30 975945 5 9844994 9588798 9957947 84 49
49 975 9 ³<¹> 9855949 45 9588755 9957945 84 9ο
50 9750544 3 9855494 45 0466706 994744 ι5 40

45 -—45----·-¹4

16 ο 9749545 9845549 3595995995-7Ἇ 1 0 55

--—-31·-——46

10 9749574 9844485 9588855 9957599 459
20 975989

 

40 975004

5 ³} 9855459 45 9588579 9957575 85 49
59 975989 51 9855475 45 9588595 9957585 84 49
40 97506 3 9855540 45 0466480 9947447 84 40 2 ·
so 975989 58 9855588 48 9588444 9957549 85 59 7 ·

-45--45--ψ--54

17 0 9750749 9855644 0466589 9947448 0

--45---45---54

59 9749789 1 9845858 9588544 9957594 49
20 975 95 ³0 9855795 23 9588999 9957989 85 49
59 975995 ³1 9855747 9588959 9957975 84 49
40 9750894 3¹ 9855994 45 046640 9947060 85 40
59 975984 5 985457 45 9588584 9957948 84 10

-55--45-----54

9750944 9855884 0466448 9977054 042

——31-——45—-— ¹5

10 9759945 9855997 ⁶ 9588975 9957957 59
20 9759978 58 984597 4 9588997 9957994 84 49
9745997 58 985495 45 9585989 9958989 84 49
49 975595 ³⁰ 984498 45 9585957 995894 85 99
06 58 985440 4ξ 0465894 9946950 84 40

---45--- 4

9844554 ⁴ 9584848 9958948 ¹ 0

——31—45-——ffl-15

10 9754450 1 9854499 0465804 9946954 50
59 9755585 ³, 984 2⁵ 9585748 9958957 84 49
50 9754494 3 985449 5 0465744 9946 85 50 .
40 9754444 3818 985454 22 0465666 994688 84 40 4
59 9755555 5 98444 9584899 9958874 84 59 ¹

-—-3¹ 45———15

20 9 9755984 9854495 9585575 9958859 9 4ο

uma-..NJ
57

 

