 

40 6 8933846 3833 3898 3934 3956 3936 3663 3638 3654 3686 3366 56
36 3366 3333 3353 3383 3369 3335 3363 3383 3533 7²23392⁶ 3365 46 ¹
5 36 3365 3593 3535 3443 346 8495 2521 34 555559 2⁸24 30 5
1 56 363435633 336333 33543386 3 55 8336
m Μηψψψμψυώωψψψω
3848 3¹⁶ 3¹94 3880 384 3878 389 3384 3349 3375 3408 019

ΜοψῶψᾞψηψἨᾞψῇῌΜῇφ

3333333333333ι

‚wumwwwwffwm4fflffwssff
8 73 88 68 37ἑέ 38 83 88 3 23⁹ 232} 3 018

fflsswwwmfflmfflmw31ssmfflww
10QWsmffmmm9½mwsw
ωψψψωψωψμῌπεψψψ

‘ 3 3 3 33 ²⁷ 3 3 3 3 3 3 3

56 63386364 6396 6535 6343 6363 6393 6438 6444 6469 6495 647

43 6 8936495 6533 6545 55536 698 6634 664 6635 6363 6336 6353 56
336 6336880 ⁶93mwfflmw
mmww7wwwmm7mwmw
ψωψωω83ψωωωωῗτψω

mmmmmmwmwmffi778w
m⁸mmmfflmwwm 4m

44 6 8938654 8666 8685 8111 8356 8363 8388 8335 8339 8364 8396 56

10 8290 8316 8341 83638 593 843888443 8496 495 85364 855646
36 8546 4938533 8553 8633 8648 8634 8699 8335 8356 8336 8 ι 56

36 863 8833 8 55 8838 8964 8939 8955 8986 9666 901 9653 36
w wwww &mmmmwwwfflmaeuw
wfflwm memwfflub

wwfflffiwfflwwwfflwwmwo
‚0 687 35 383 33 83 83 558 8ἓὲ 837 83 338 ³0
3³³² ⁰⁵ 8ξὲ ⁰⁴⁴ 383ῗῖ 43 ἓξὲξ 378 ῗὲ ⁰43 8
&ww fflmwwwmwm

46 6 8933696 1121 1147 1172 1197 1223 1248 333415 3399 3534 ι 56 556

10 35056 3555 1401 1426 3453 3433 3563 353 3179 185 40
1604 3639 3655 3686 3366 171 3356 3383 386333

3858 3885 3969 394 395939 398 3636 365 3663 366 3333 36

3333 3353 3363 338 3335 333 3364 339 3334 3346 3565 36

3-565 3393 3436 3463 3493 3533 3545 3568 3593 339 643
47 6 8-933639 3644 3669 369 3336 3345 ²771 3396 3833 3843 3833 56
¹0 ²⁸7² 88(77 8983 89 897 8999 3084 3049 3074 3¹00 3¹² 40
80 3¹² 3¹50 317⁶ 380Ι 38 3858 3877 3308 3388ξ 335 5715εὲ
357 3405 489 3454 3479 3505 3550 3

1mfflmwwmmssQwfflm
³⁶mwmwmmmsfflmumfflm

48 6 893436 4363 4187 4212 4333 4363 4388 4533 455846 489 56
w ωψωωωψωψ46ΗῊΜ um
w wfflmwmmmw1 mwffiww

Qw84mwmmwmwmw
836Μ3η3335ψωμ6
ΜΜΜΜᾛΜΜΜΜΜ

ψωᾟψψψ4μ635ωὺψψμφ
xo 900 935 5953 59563 53 63 6363 33535346
3ο 353 17 6353 6333 6363 6338 65 7 6465 36
³0mffmffww⁶s4wssfflww
46 6654 6639 6364 6339 6356386 65 6 685 6886 696 10
w⁶wswwmw7mmw8m⁵ wmhw

 

 

