 

 

 

ἶ 0 nummum

99m999wm
OEWQ⁸QQ
86

xffiwssQQ

8866 8866 8871 8876

8914 8919 89 897 6 799979

&mmm
999999999

12 8818818 881888 8888 881888
16666

ἠψωωω
wmmmw
wwmm

wwww
WQWQ
6 w9om99

1 11 9616 9617 9616 9616
“ 6666
23 97Ι 9722 9727 9732

‹uwfflofflffl
mmmow

6666
6666

.. 9 9 6

31

38

94 6916 6919
Μ81η6
96 6411 641
9999

88
957Ι 057

41 6678 76689 30742

966

0944 0950 0955

1008
1661
1116 1115

1651
1164

W&

μὴ
51 8657 8661

8699 8767 8716 8716
888887 mZZZ
81188817 819 8818899899844

32 0197 6167 616 6119 6119
6151 615 6161 6167 6171 6177 6189 61

8566 8511 8517 8519 8518 8599
99766 9765 9771 897767 8781 8987
8667 86789888 8678 869 88689888 8694
8711 8716 7778771 8797 8741778748

589187968
ΝΜ

8881 8887 8891 8898 8969 8968

66666
666666
9696 9161 9167 9111 9117 911

wfflmmwffl
momwmw

9156 9161 9167 9171 9178 9189 9 1.8 ⁶ -

6Μ6666Μ9
mfflmmmw·

wwfflufflm ·
WWWQWWZS:
mmmmmmw *A

&QWQQQ
666666

7Μ6ΨΨᾞΝ6
666666

999999

oesmmwffls

6114 6119 619 6146 6145 1 0 5 7

0293 0199 21.0

66669166666638
mmwuw
wwwmssm
666
6581 6587 891898 8998
⁶ 81888 9¹ 0⁶²⁴ 0⁶30 961 0⁶40 064⁶ 0⁶51

.

6666
mwmfflwwwmw
666666Ἢ6
999
8116 1886 181891 11968

416

&992ss

6496 6561 6567 6511 3 J
999⁶ . ⁶9
6656 6661 6667 6671
0710 61977 0720 616
6868811 6878
6876 687 6886 6886

1646 1646
¹094 ¹099
1141 1147 1151

m&

. ἐ111111611111111117

8166”--1815’6”
8110= 2 15 16
8120= 1 15 16
. 8130= =2 15 96

8130= 11546

81666” = 1189ο’6”
81100= 11 91 46
81200= 11 99 16
81300= 11 330 χ
8146611 ε11 3 46

 

 

 

 

