. 3 6 9597776

 

, 4.
ψ775-155ω6ωι5555 7 ’

0 6 9597878 50 9·⁶27⁹52 5⁹ 6577748 99644555 41 ο 770
10 9595998 9697950 0,372090 9·9⁶401 50
20 9597977 gg 97770957 {⁹ 6577657 996 3 40
30 9·5920²7 9· 0·371972 9967999 70
46 9597676 4⁹ 9678686 5 6577 74 9965 9· 20
. · 56 9597196 ⁵2 9678745 ⁵2 6577 55 9967 1 9 ιο
. 1 0 9599576 ⁵ 9698507 5 0371797 9003972 ⁹ ο 59

...n—— ——-—

76 9597775 ⁴⁹ 9678767 ⁵⁹ 657778 9965965 ⁹ 50

76 9597775 ⁵⁰ 9678576 ⁵⁸ 6577686 996595 ⁸ 46

56 9597574 5484 9678579 ⁵3 6577677 9-96594 8 56

46 9597574 ⁵ 9678457 5 6557565 9-96595 8 76

4 2 56 9597475 {3 9678496 {3 6577564 99659 8 76
6 9597475

’ 50 9599599 49 9.⁶28612 ⁵ 0775788 9967950 ⁹ 5ο

4654485477-745769698 0 ⁵02

 

20 9599579 50 9.⁶28671 ⁵3 0.371329 9967 5 9 40
56 9597677 48 967877 ⁵ 6577777 9965 7 8 56
47 9597677 ⁵⁰ 967878 53 6577777 996585 8 76
5ο 9599790 49 9698846 5 0775554 9967874 9 50
⁵⁰ ,9678965 ⁵} 6577695 9965865 ⁹ 6 57
10 9597879 ⁴⁹ 9678965 ⁵ 6577657 9965856 ⁹ 56 ·

76 9597867 {g 967967,7 5 6576978 9965847 8 46 ²
56 959797 4 9679686 54 657 76 996585 8 56
46 9597968 ⁵ 9679758 ⁵ 6-57 67 9965879 8 76
56 9-595677 4484 9679797 {3 6577865 9965876 3 76
· 4 6 9595667 44 9679755 44 6576745 9965877 4 6 56
50 9597556 9699754 440770686 9967809 50 3
20 9595765 2¹2 3229372 ξ 6576678 9965775 8 46 4
56 9-595775 9 7947 6576569 996574 8 56 4
46 9595764 22 0220439 {3 6576577 997577 3 76
56 9595574 979547 55 6576455 99 57 76 4
9679666 6576594 9965757 4 6 55 47

76 9595477 ⁴2 9679664 ⁸ 6576556 ,9965748 40 4
76 9595467 5 9679777 ⁵⁸ 6576778 9965759 8 46
56 9595577 ’78 9679787 53 6576779 9965756 3 56 J
46 9595567 ⁵⁰ 9679 59 5 6577767 9965777 76 7
56 9595676 ⁹⁹ 9679897 ⁵⁸
6 0 9595659 ⁴⁹ - 6576644 9965764 ⁹ 0 547
76 95957 ⁵⁰ 9657674 ⁵ 6569986 996Γ9 50
20 6595758 48 9656675 ⁵3 656 77 9965686 8 46
56 9595 67 8 965677 5 6569 69 99656 8 56 ,
40 9597857 5⁰ 9.63019 58 0769855 9. 67666 9 90 “
56 9595966 58 9656747 ⁵⁸ 6569755 9865659 8 76

7 6 9595955 ἒξ 9656566 {2 6569694 9965656 ζ 6 53

ἔὲ 3151854 38585ξέ 57 (85ξὲ3ξέ6 3136855 {2 γ
,49555 ,5 ,49

56 94594765 44 945647 4 6549579 94965475 4 56
46 9594755 44 94456559 48 6454947 94975474 4 76
56 9594767 44 956597 44 659465 795 5 4 76

8 6 9594757 44 9657656 5⁹ 6569544 9965596 4 6 52
5 4 75574 4 4955 7565 4 ⁵0
4 5557 4 5557 0 5454 2 5
46 959444 448, 965689 ⁵3 6569777 9965566 8 76
56 9594498 ⁵ 9656947 5 6569655 9965557 8 76

86555651ξ56Ὲζξ676-65Μξ 6 ⁵1

76 9594596 9657665 65685 9965555 56

76 9594645 ⁴⁹ 9657777 ⁵ 6568875 9965574 8 46

56 9594895 {3 323118080 ᾗ 6577876 99655477 3 30

5455757 7444 7 4554 4555 ⁹
1⁰ 0 9594647 9657555 6568645 9965488 ⁹ 0 50

A...mn 6 777
66⁰

6576765 9-965775 8 76 v

 

 

