¹ 67 9779 9746 9769 177

 

⁴ 2950 4⁶ 9822 9899 9859 9866 9889 9896 9916 992⁵ 9949 9954

56 9969 9964 9997 0013 0028 0043 0058 0079 0087 0909
59 470996 0979 09 0160 0975 0990 0905 0999 094 02

77 0967 0978 0997 0708 0799 0777 0759 076 079 079

ῃ9999999999.

mwmmwmwwfflwmssz

, 0859 0866 0889 0895 0990 09950777 0954 09
5 0998 9097 9098 9049 9057 9079 90666 9909 999 ¹¹30

. 59 ¹145 9960 9974 9989 9404 9998 9977 9948 9969 9977

69 9478 9457 9468 9489 9797 9799 9796 9749 9556 9570 95
69 955 9600 9694 9697944 58 977 988 909 9797

9790 9805 9890 9874 949 964

47202⁵222312‘3222232233QQQQQ{Q
9979 9966 9900 9995 9970 9944 9959 6674 666 63071447 75

2318 233² 2347 2351 237⁶ 9799 9405 6440 645 965656

ζὲξέ 6479 6493 6706 666 677 6756 6566 56 65 6990
9695 9679 954 969 9 7 298 2713 6767 6746 9130

970

79 2903 9997 9979 9947 9969 9976 9990 7005 7090 7974
79 5049 7067 3078 7097 7907 7999 796 7959 7966

7995 7990 7994 7979 7957 7968 323 3297 331² 33²⁶

74wwwmmmmmfflm
Qmffw⁶w³fflsswmmmffl
3⁶msswwmwwfflmmmm

67877 77859 7866 7889 7896 7990 ι’
⁶mwwwffw

9999999Ἥ99996
79 4208b 4599 ⁴3⁷ 4759 4599 452⁶ 45974 690 4697ς 4679 9 97
3 4 97 47 476 474 4755 477 474

QWQMQQQQWQWW
{QQQQQQQQQQQW

ff

xm

4⁶⁶⁸424

6ῐωψψψωψμψψ
6909Η90

mewffifflffmffissffiQg
666 6669 66666 6950 6965 6979 6994 466906 6997 ⁶²37
6959 6966 6989 6995 6790 6794 4667796 67776Ι 6768 6789

:QQQQQQQQQQQ

6687 67097 696 6770 6745 6759 6774 6788 ggii 6897

6879 646 6669 6675 6690 6904 6999 6977 6969
969999990899

7637 7656

9901111100 m

99776Ξ 0649 906 99 00¹¹= 8011‘ 40'
0 49 90 --8 97 90

004970 997ἒῖ 8970
666 ·-“04940 40
2990=04950 99900389890

 

 

2 2 ,

 

499Η6Μ9990,

