ἥῆμωψψψψφ

gggffigo 150 749 479 511 11879149

{25¹ 57ξί 5545 1781151117 ἓξὲξ 332: 333} 3323 ἓξὲξ 8551,ἒὲ

8779590 05 9679 9769 716179 9 1978 1118 1117 1797 1797 10
4166157 1665 1755 591114 1934 1613 1-113 1161 -1191 639

21 0 1191 1781 1479 1569 1649 1778 1818 1177-906 7 51718
3174 3363 3451 3541 3636 3719 316ξ 3⁸ 3327 46746
mwmwwm4mm

155711ζέ ῗίξ {0²3 {52 ἓξὲξ 237} {⁵ae 7755 55
673 6117 6915 7664 7691 7161367169 7357 7446 7534 7611 038

mlssffiwfffflwssmwsmq

wqwmwuwmuwmw⁶¹ff
4084807640151 0411057706140706 0740 0877 5 10⁵
40 1140 1118 1715 1497 14 157861666 1757 140 11 11915 19

5 1451 1549 1617 1714 1 1 1889 037

ssw⁶mmw3³mwu³smmfflw

swwm⁴mumfflssm⁶mmw

4⁶3 1717 5671 Ξξ585 775951 16 195 191 176
Ἣεψ 3m77fflwwffl2
mmmwwffl79

711 887

17 1099 1184 1179 1755 1441 1516 1ο
4ο 1516 1611 1697 1787 1861954 1979 111 1119 119 1781 19

59 1781 1466 551 1677 1711 1-97- 1897 197 7067 71

0mm³mmwmfflmmfflp
w mmmm³mwmmqrm⁶mmw
32 *⁹⁴⁵3 8773781 1⁴³ ⁵² 77775 47717
6617 6711 {337 681 6 6 795ἑ 7171Ο 7113 794 761817 471 19
wvmmmwm1ommhwdehmm

9 87179 8799 8484 48569 8651 8779 82ae 8904 89783 9971 9156 59
ῙΟΜΕἪὮΨᾙὮᾎἈΨμψ
79 8 674 9918 1991 1085 1119707511 1778 1419 1597 1571679 19
4ο 1670 1759 1877 1911 {off} 1771 117 15772 1711 150 19
wwssmw2839wwwwmw3

2Μ fflwwmffwwfflffwmmmmo

4mmsswmssmss 47795ωἪῆ0
ωωημῇῧὲψωψς mffw
sofffflwffi fi⁹mfflffffiffl⁶⁵
ssstfflmffiss½fflfflwffifflm

wo ᾝψῇωῆῆῆῆῇἶψφ

¹0w⁶fflwwmmwwfflmssw
9 6918 9110 9191 9174 9756 6478 6519 6601 6684 675 79

79 841075 0847991011 1997 1174 1156 1578 141 1591 1587 19
1587 16641 1742 1818 1999111977 11 4 117 1717 1599 19

50 1799 1480 1561 1647 1715 1 1888 1969 5959 7171 7117 931
Ἀομιμῃψωωψψψψψίωψ

mm dowwmm4 ww
Qwsswwsswnmmsswst4w

646 6776 6617 {gg} 9⁷11) 6877 6419Ξέ 76111194 7101 711 Q 19
mmmmmmwffimw m

”’”””Ι47’797919 4’ 3’71”117”’.’

41 9917 19

ᾖ

Ἃ

 

 

