, ἛῙΙΠῘΙἩἩΕΤ’ ·

ι 51 1851 1856 1881 1886 1891. 1896 1991 1996 1919 1915
52 ¹9²0 1915 1939 195 1953 5944 {94 1954 1959 399
εεψψψηψψωωω
54 1915 1911 1915 191 5956 1941 1946 1951 1956 1961

55 95 ²0⁶⁶ ²070 2075 5 2090 2095 1199 1194 11
5 1114 1119 1114 1119 1155 1158 1145 1148 1155 115

55 1165 1165 1151 1155 1181 1185 1191 1195 1191 1196
5 1111 1116 1111 1116 1159 1155 11 1145 1159 1155
59 1169 1164 1169 1154 1159 114 119 1195 1198 1595

91 1495 1419 1415 1419 1414 1419 1454 149 1444 1449 ¹ 0¹⁵ .
1 mwmmmmummwffim

 

64 1591 1595 1511 1516 1511 1516 1551 156 151 1545 5 1.5
6 951559 1555 169 1565 159 1555 1559 1564 1589 1594 4 19
15991 1 115118115111551551641 5
6 164 1651 1655 1661 1665 1651 1656 1681 1686 1691 ·
66 1696 1599 1595 1519 1515 1519 1515 1519 154 1559
99ΜΜΜΜΜΜΜΜΜ

vQQQQQOQmQ
72 ²⁸3 2⁸94 18991994 1999 1915 1918 1915 1918 195
vmwwwwmwmmw

54 1986 1991 1996 5991 5995 5919 5915 5919 5915 5959 “ ³
wfflffiffiwffiffiffiffifflm

5 511 516 5141 5146 5151 5155 5169 5165 5159 5155
7 ssfflwmmmmmfflm
&flmmwwmwmfflw

oefflffifflfiwffimmwmmwmmw

&wmwwwmmmmmmffi
2mmmw3wmwwwwmo

flawfflwmwwwmmmmffi
st4wmmmmmmmffimfflssf

&mewfflfflmmmmfflm
9ΜΜΜἯΜΜἫ1Η9Ἲ
2.

 

8 5615 5619 5614 561 1564 569 5644 5649 5655 5658
dwwmfflwffiwwwmaez
&wwwwwwwwwwmw

91 5898 5815 5818 5811 5815 581 585 5841 5845 5851
91 5856 5861 5866 5851 5856 5869 5865 5899 5895 5999
9³mmmmmmmwmw

mmmmmmmffifflww
9Wmfflwmmwwffi8w
9mmmmmmws m

59ξέ 1819198
⁹ ‘33333

 

'ffissw

=22950

 

