‘¹ 9 0 0 010 0 0 0 9919 w

10 0 8 57 87759 55595988 80958955 8999 8967 8599 8578 8454 50
,ω Ἡο95οώΝο0οΜ9Μο00 ,
00 8990 9045 9000 9057 9000 90089 0 9379 944 9490 9545 30 ’ ·

888580900 0956 0999 0966 0 99 0577 04 80544 0599 0654 10
50 0654 0790 0765 0890 0876 0959 0988 9049 9097 9959 9908 049

11 0 8 589908 9969 98 9574 9499 9484 9559 9595 9650 9705 9760 50
90 9760 989 9879 9996 9989 90 9090 994 9909 9957 999 40
90 9599 9568 9495 9478 955 9588 9645 9698 9754 9809 964 50
30 0 04 0909 0974 3009 304 309 3094 3049 3504 3359 3404 ²0
40 3404 3409 3504 3579 30 4 30 9 3744 3799 354 3909 3904 ¹0
50 3904 4009 4074 4009 404 4039 4094 4349 4404 4459 4504 048

fflfflmfflmfflwfflQfflmmww
ωξψωψψῆψ4οψ06ψμῇω
30000000000000
4ο 6704 6758 689 677737 6999 6977 7059 7088 7940 7995 7949 90
mmmmfflmmwss⁶wmm

13 0 8 585795 5849 5 905 5958 8099 8067 8999 8976 8950 8988 85540 50
559 8393 44Ι 509 8555 8599 8665 8550 8754 88915 8
397& &WQQQQQZ
40 0099 0098884 8958 0983 0998 897858 7 0409 8858 8590 90
50 8590598 0564 0698 0679 07907 078982 0855 8889 0945 0997 9059 046

ᾘ--ι- —— -—-

 

 

14 0 8599059 9905 9959 9995 99679 999 9575 9499 9485 9557 9599 50
90 9599 9655 9699 9755 9807 969 9995 9955 9095 907516 9959 40
90 9959 995 995 99959 45 9409 9455 95 9569 9699670 50
sommmw8 60000000

sfflw³¹⁶wwmmmwwm⁶w
w3w3mwwfflmwmwwmoss

15 0 ⁸⁵⁹7s²⁸³ ’607ᾙῇ045 4496 455¹ 4⁶0⁵ Es'o'iffi‘sse' 4⁸20 50
πψωψςῶψψμμωωω

ωΉψῇμᾞψπΗς γμφ
ὢῶᾙῶὥῶὥψῆᾗῶῗ

0959 7000 7 5 7119 7070 7005 7079 7330 735 7490 044

55455 5598 5659553 705 57585 899 55865 998 5979 8094 50
Ξ8 8609 78888 88958838 876 88998 Z777 8888 889 0 88088ςὲ
900000000008
966Μοὧ8υ9ώψωω88μο00οω

17 ο 8600677 0750 0789 0855 0888 0949 0994 9047 9900 999 9905 50
90 9905 998 999 964 9497 9469 9599 9575 9698 960 975 40
9ο 9755976 9855 ι89ι 9944 9997 9050 9909 9955 9908 99 50
5 mwmwmwwww
50

ᾌἭῆψψψψψωμ
006000000

¹—u———u ———— ———-=—-

1mm7375Q

18ηο0οη00οωυωωμο46504ω6
¹0mwwufflmwwww3ww
²0 {7 554051 4990 ί,5044 50955 5555 505055 ⁵777 5529 559 ⁵777 43
348 88545 988 8858 8889 8945 6995 8947 8999 859 8404 846

50 84568 508 6580 6695 6665 6797 6769 6899 6773404 6996 6978 041

οηΜψψΜώΜψωοᾬο0
ιο9090900000909
sssswfflmwwffiwwwmmw
w·wwmwwm⁶wwwwwmmw⁶w
wm⁶fflfiaewwww7mwwwow

66066660 wnwvlw

 

 

 

WWWWWQWQ39 99wmwffls

 

4050οι

