 

56 555 5586 ²²¹3 5545 5568 55576 ²3² 5555 5355Ἱ45588

2258885655455665 :genum-⁶120: 5855855635855
55995 2:oe alr-*5:123 5556 555846
55 ²⁴33„ 54655545555655455 ’Μ

ὤπψψώ66ψ6οψκηωμ4ωμηφ
555 555555655
wuwm⁴qumm⁴mu³mm3wssn

ἛΕΕΜ3

mmmmwmmmwwmwmw
¹ ¹0 ⁵¹7 ⁵²3⁴ 5551 5555 52⁸⁶ 53¹3 55555 4815555 ⁵⁴23? 555ο ⁴0

m uffs‘mfl
7 5555557555
‚vfflwfflwssss

25 6 8886 45 6
6Ξ854763
7687 7554· 75457
7379730057413
ω·6ω
mwwss

56 8446 847518566 8558

5 555 55 55 5777573

40 9²59 330333 93139 33333ξὲ53333 9455 9449 947 39565 9 56 56
9wmmffl affl smwwwwu 7

vmmfflwwmwmwmw
10 8896675 6698 6555 6555 6579 6566 0233 6566 658708 6554 0341

04ι 00 80395 04²2 0449 0477 0504 03 50 ⁸⁵ ⁰⁶¹² 30
56 55 59 6666 3 6756 6747 6774 376358 55 6885 56
46 6885 696 0935 6989 5656 5645 5676 5 75554 5555 56
56 5555 5578 5565 1232 5559 5586 1313 5346 13

28 6 8895455 5448 5475 5565 555 5956 5985 5656 5656 5665 5
56 56 5757 5744 57757 57 555 132 5879 5966 1933 5
56 596 5987 2013 5646 5 7 2121 5543 5575 5565 55
76 555 5556 5587 55 576 33333 5596 5457 5444 5475 54
51943 5555 555 5ἒ338 5 5 5355 565 5686 ²7¹3 5746 573733
56 577 5797 556 547 5874 5965 595 5955 5985 5008 3035 ⁰31

29 6 8897675 5665 5689 5556 3143 556
smmwfffflmmmoeffimu1³fflwmwm
mQ9³sswmwwwwwmww
wmfflffwwmmmsswfflmm
ωξΜυιυΜωωωῆωωψυῠ
mmmmm⁶mmmnmwu7nw

&mmmm

 

 

