8· ΠΙΙΕΙΙΙΙΕΙΙΙΙῘ9 ⁹¹³·

911158 1163 1168 1174 1179 11847119071195 1100 1106

51 1111 ’1-116-ἶ1111-17-’11-1-113811-14-ῖ14811-5Ῑ 1159

51 1164 1169 117 1180 1 5 1191 1196 1301 1307 1311
1317 1313 13 1333 1339 1344 1³49 1355 1360 1³⁶⁵ ⁴
1371 1376 1581 1387 1391 1397 1407 1408 1413 1419 y

wawquwmwww
suwmuwmmwmmmms

:⁵³2 113 {⁵⁴¹ 11 :3² 111111 11 :a

78
’ 59 137 1641 1628 1653 165 41664 1669 1674 1680 1685

3 61 1743149154159161701751811861916
61 1797 1801 1807 181 181 11 1819 187
63 1850 1855 1860 18 1871 187 1881 18

911358 1368 1367 1373 {372ss 830 13ὃέ 1993 ·
1009 1015 1010 1015 1031 1036 1041 2047 ²05² ²057 ·

1067 1068 1077 1079 1084 1089 1094 1100 110 1110 ·
111 1111 111 111 1137 1141 1148 115 115 1164

’ 69 1169 1174 1180 115 1190 1195 1101 1 1111 1117

¹ 1 8170 911111 1117 1133 1138 1143 1149 1154 1159 ’1165- 1170

71 1177 1181 1186 1191 1196 1301 1307 1311 1318 1317

vssssfflwmwmwwww7

 

7 2³9² 1397 ²403

mffluqmssuwssuwss2
wmwwmwmm

11111
17817) 1786 1711 5718 2

7 81 1806 1811 1817 1811 1818 18 1838 1844 1849 1854

g 81 1859 1867 1870 187 1881 186 1891 1897 1901 1907 1 0.5
=Qmwmmwwmwwmm

wwwwfl
WWW3

311 310 3177 314¹ 3146 3151 3157 3161 3167 317 .
‘ ⁸⁹ {531 {123 3141 {223 8Ξὲ 383 88 {32

mmfflffi 7
x9233903393401334u³4134223427342343
93mmmmmmmfflmw

:94mwmfflmfflffiwfflm

meuQmQfffflffqsvw
,1 wmwwmammww
93QWWWWWWWWQ
‡ 8 A& 88 88 87 88 88 88 38 88 {⁵

, 8200 111814 3819 1814183031811 1811848381 3⁸5⁶ 1881

 

81 0“= 1017 50” 8100''=
81 =2x 01 81 =
810=21⁶10 810οε
81 =21⁶20 81 =

8190 = 1 16 30 81900 =

 

 

