. 30⁶ ’
’ 6 mma-1 ,

10 6 3363666 3⁶ 3333633 43 6666363 3334334 ,8 6 20
10 9.707642 9773083 0336 39 9934563 50 =
66 3363633 ἐξ 3333663 2} 6666436 3334343 {² 40
36 3363368 88 3333633 88 666ἓ663 3334336 1} {g
40 336334, 8 3333663 8 666333 3334364 8 8
· 36 3363364 6 3333633 4 6666363 3334366 6 66 ;
41 6 3363663 ³⁵ 3333366 ⁴⁸ 6666633 3334433 ¹² 6 19
66 3363633 ³ 3333363 48 6666686 3334466 ¹} 36
66 3363636 ³3 3333463 48 666633 3334434 ζ· 46
36 3363366 6 3333463 4 6666388 3334466 8ξ 36
46 3363366 65 3333366 ⁵} 66664 333444 8 66
36 3363333 ³⁶ x0773560 4 6666446 3334434 6 66
42 0 9708033 35 9.773608 48 0.226392 9.934424 η 0
66 3366666 ³⁶ 3333636 ⁴ 6666344 3334466 ¹³ 36
30 9308303 35 9993304 4⁸ 0.226296 99343 ¹² 40 ·
36 3366633 ³⁶ 3333336 44 6666646 3334344 ¹³ 30
40 3366634 65 3333666 44 6666666 3334334 ¹² 20

50 9308330 3⁶ 9993848- 2} 0.226152 Q 3 10

43 0 Q& Q 8 Qum-9233&- 0 17
10 3366666 4ξ 3333344 48 6666636 3334336 ζξ 36
66 3368365 88 3333336 88 9666696 3334338 88 46 4
{331330337 ³⁶ 361ἓὲ6 6 οἰῖἔέξιὲ 636148 6ἕὲ
4 ⁵: —- 6 6 3333 63
66 336643 ³⁵ ’5473ἒῇ ⁴⁸ 0-222708‘3‘33204 ¹³ 36 16
66 3366364 65 3334646 ⁴⁸ 6663366 3334643 ¹² 46 ,
36 3366364 64 3334366 4⁸ 6663636 3334636 ¹³ 36
46 3366333 65 3334333 44 6663663 3334664 {² 20
' 33 4- 46 “ “ 63
333333 4 33333 6 3333 33333 12 3
30 3366336 65 3334663 4⁸ 6663343 3334666 ¹³ 30
40 ⁹1⁷3ssss¹¹ {g 3334663 1} 6663383 3334646 ζξ 20
som ,363-6336. a 666363 36336368 10

...ιη-ιι-

· 46 0 Q 3⁵ yffi 4 0.225241 9934333 0 ss
10 9.708918 ³⁶ 9.774807 SWW ¹² 50

6-....- —--

 

 

20 3366388 65 3334633 4⁸ 666364 333 6 ζξ 46 8

36 33663
46 3363664 6 3334336 48
36 3363633 66 3334336 48 6663666 3334666 10

47 6 3363634 ³} 3333636, 48 6664334 3334646 ¹³ 0 13
10 3363636 ³ 3333634 8 6664866 3334636 ¹² 50
20 3363663 65 3333646 4 6664 36 3334663 ¹³ 40
30 3363666 68 3333636 4ξ 6664666 3334666 ¹² 30
40 3363636 6 333366 4 6664366 333336 ¹³ 20
36 3363636 65 3333646 ⁴⁸ 6664364 3333343 ¹³ 10 ¹

¹ 18 0 3363366 {2 3333333 88 6664663 3333333 ζ 0 12
‘⁰3:333ss ³⁵ 3336443313 3138326 ¹2 ⁵⁰
. 33 46 63 ⁴⁰
36 3363466 8 3333433 8 6664363 3333333 30
40 3363446 6 3333363 48 6664433 3333363 ¹² 20
36 3363463 3} 3333333 88 6664463 3333366 ζξ 10
19 6 3363366 88 3333666 8 6664333 3333636 88 0 11
‘⁰3:323ssss ³⁶ 333}ssssss 6 111166 31ἓέἒὲξὲ ¹³ ⁵⁰
8 40
30 3363664 65 3333964 88 6664686 3333666 {² 30
40 3363633 65 3333 66 88 666466 3333643 8ξ 20
88 6664646 3333633 10

50 0 3363336 W ⁴⁸ 6664636 W ¹³ 0 10

436·- -mm¹
. 8

³3 3334366 48 666363 3334 6 88 30 ·
6663636 3334633 88 66

36 3363633 ³⁶ 3333666

 

 

