 

 

 

1 3Ι 6 0111 133Ι
136 193113 31

701613 6661298ξὲ ἷι 3:³3?

:0⁸5² 1111, 617416 11111111· 161 116

041393 61783330 11104331 161.106816 111 314181

11 07911 61 791390 111 04911 1093ἓ999 111 3163

11 111141 61 111141 111 6111116 161 ²¹²¹

14 146118 94 306180 139 144 134844 3914 3
md ⁸:323 3ιέ 010 888 8381

816073 11 068186 16· 111716 117 336460
833309 nb 071881 168 113939 118 338436 9
61614111111114141 22 1111411444

70 641116 190 111161 170 111441 220 141411

11 311119 91 831138 111 081183 171 131996 111 344391
93991111 991 1661611 111 31116 3911 146111 1
1111 1 161111 171 1 1 146111

016610 ‘
1614111111

1919 41116991 1111 111116114 179 141111 139 35⁶0²⁶
44713 891093 118 107110 130410 1 33 33

11 461116 11 611611 111 116111 ¹79 111611 111 1111
30 411111 80 1616111 130 111141 1oe 111111 230 161116

. 31 491361 81 3 131 117171 181 137619 131 3⁶3612⁵
31 30130 31 91319 3311 74 182 191οἻ 131 363483
3 96907 33 11111 ¹83 66456 ²33 36735 7

34 3333999 84 914179 134 117103 143 164818 134 369116
11141 111 111114 11 161111 119 1111166Ι

556 30³ ¹3⁶ ¹33539 669568 576966 ⁵

1

37 166191 69 Ξ9991 31 3199119916 111641 1199999114196
1579616461 141116 171 161116618 161 “Z-*⁵¹⁸ 1 111 11617
80 611161 90 114141 140 146116 190116114 240 161111

141 14911191 181033 141 381017
141 131 191 183301 141 38381
141 111116 111 161111 141 161

94 641411 14 111116 144 16161 114 161661 394 916119191
4111 11411 1118 1166 16181

1111, 18111 ’1 1411 ,111111 17111
41 6-11-116 11 111611 141 111166 111 116611 141 116111
60 616111 100 000000 160 116111 200 ³0¹030 960 111146

1 0 111-1ιο· 0

0⁵'no⁰o⁵o“
φ-οοφ
ιω-οιφ
ηοιο1μ
8ωιο380

 

 

