15·
H-l-l-fflssfl ’

f
50 0 Q74Q20Q9222202⁶ 0 77

79 9475987 9477 86 9747774 9987796 79
79 9476976 74 9457767 ⁶¹ 9747677 97877 ⁶ 40
79 9476777 75 9457947 70 954797 9987770 ⁶ 79
46 9476797 74 9477677 70 9546 77 9987777 ⁶ 20
76 9476779 74 9477797 70 9546797 9987777 2 76

-74 8 -—--—

0 9476777 9457787 66 QQ 6 9

-—74

10 9476477 9457767 9746777 9987769 79
79 9476797 77 9457747 ⁸⁰ 9546677 9987754 ⁶ 46
79 9476676 74 9477478 {g 9546577 9987648 ξ 76
46 9476 56 74 9477798 9746497 9987747 6 76
56 9476774 74 9457588 9746477 9987776 76

-—8—74-·-—-80—-——-—--6

‚831 0 0
10 9476877 ⁷4 9457748 6 9546757 7387674 Ξ 56
76 9476946 74 9457878 0 9546777 9987668 46
76 9477676 74 9477968 70 9546697 9987777 ξ 76
40 9437024 74 88 ⁶0 0.546012 9.983106 6 20 ,
56 947768 6 9545977 9987799 6 66
Ὶ53 6 9477747 9454648 6 9545857 9987694 6 6
66 9477776 ⁷⁴ 9474778 ⁰ 9747777 9987688 6 56 7
76 9477769 74 9474798 {g 9547697 9987687 6 49
79 947744 74 9454788 6 9747677 9987676 6 76
46 9477578 74 9474468 0 9747777 9987979 6 76
56 9477677 74 9474748 ⁶⁰ 9747457 9987664 6 76

*go—..-

54 6 W ⁷⁴ 9454678 9745777 9987658 6 6

--74—-80·-—

10 9477669 74 9474768 6 9545797 9987657 6 56
Ξὲ 34ἐέ77 74 3:221323302131333 3:3{3222 ⁶ 32
46 9476987 ζῇ 9454947 {g 9747657 9967976 ξ 76
56 947 675 9455677 9744977 99 767 66

-----74-----86----·--·6-6

55 9 9478779 9455767 9544897 9987677 6 6

79 9478767 ⁷⁴ 9455787 ⁸⁰ 9544877 9987676 79
76 9478777 74 9477767 70 9544777 9987979 ⁶ 40
76 9478757 74 9477746 6686 9744654 9987 2 76
46 947847 77 9477476 9744774 998799 79
59 9478494 74 9455796 70 9544494 9987997 2 10 ·

56 9 9478777 {2 9457786 ⁰ 9544474 9987986 6 6
79 9478646 9477667 ζ 9544775 9987989 6 79
79 9478779 {2 9475747 646 9744777 9987974 6 49 ,
79 9478797 4 9475877 66 9744775 9987968 6 79
49 9478867 7 9477995 9744995 9987967 6 79
76 9478947 74 9477984 {2 9744676 9987976 6 79

—73

77 0 9·4390¹4 7476667. 9776666 ,77837767 9

80-—

79 9479988 ,77 9456744 9547856 9987944 6 59
79 9479767 74 9476777 67 9747777 9987978 6 49
79 9479775 ⁷³ 9476797 60 9747697 9987977 6 76
49 9479799 74 9456787 0 974767 9987976 6 76
79 9479787 ⁷³ 9456467 {2 974757 9987979 6 79

58 0148Δ774-7Ῐ24Ἔ4Ξ66Ῑ-777-478-99879746 0

79 947967)9 9476677 9747778 9987998 ⁶ 76
79 9479 7 ⁷³ 9476797 68 9747799 9987 7 6 49
79 9479677 74 9456787 0 9747779 998796 6 79
49 9479759 ⁷³ 9456869 {2 9547749 99878 6 79
79 9479874 767 9476949 66 9547969 998784 6 69

59 9 9479897 9457979 9747987 9987878 6 9

10 9·439971 ⁶} 9457096 ἓξ (8548 ¹ 9·98²⁸72 6 50
7ο 9.440044 74 945717 60 0.542 22 9.982866 6 4ο
³0 74977 4 77777 7 77777 777777 7 77
77 77ᾌὲ7 74 3477477 ⁸⁰ 9747587 3387848 2 79

60 9 W ⁷³ W ⁷⁹ 9547594 9987847 9 ⁰

 

 

 

