ww

w wstwwwwfflwdwww

50
66 8526646 2052 114 127 259 2462 2565 20666 6666084 1873 529761
20

5ο 2976 2079 22 2 224 257 5489 2792 2694 2797 2899 5002 20
φ ΜΜΉΜΜΜο75ΜΜΜοΜ7
50 4035 4337 4330 4333 4434 453 4636 4740 4643 4944 504 049

11 0 333⁶ 7477 3333 7554 7454 7556 7758 37⁵3 77767 965 &3⁵40 50
2ο 7082 7282 72845 7606 744766 7ἕὲ 76667Ο 7762 Ξ862 7654756 0720 30

6 ffffiss¹5ffmffff¹mffiffissm

50 8‚320115 0226 0527 042 0528 0629 0720 0820 0922 2022 2222 048

womffiffiffimfffffflffiffiffiw
20 2227 2227 2527 2427 2528 2626 272 2826 2928 5029 5229 40

²3 33 33 33 333 33 373 33 373 333 0374 ⁴¹¹⁹ ³23
60 226226 525 5425 524 725 922 6022 62226ο 20
50 222 6222 6520 6429 529 6626 6727 6627 6926 7025 7224

ziz} {¹¹³ 363 383 363 {¹¹⁰ 333 6035
70060006867677

2064 2262 2260 255 2457 2555 2655 2752 2849 2947 2045 20

3045 3343 2²4¹ 3339 3437 3535 3633 3733 3639 3937 3035 046

mmwmfflfflfflwwmwmmw
ΜΜΜΜΜῖΜΜἯρ ww
Μ77Η4Μψ 7ΗοΜο78000
9050 6245 62426 559 456 6555 6650 63237 824 36722 20
6ξὲ 833 333 33 333 37077 3373 358 337 88 68 377

8856 8955 9949 9446 9444 9559 9457 9554 9648 ⁹734 9841
9822 27 0025 02200206 020610502 059 87 0785 40

sffiffiffl 0

ΜΜΜοΜΜΜΨΜἬοΜἪ6οΜ0

50 2745 2859 2755 202 2226 2222 252 2424 25 2605 2702 20

04ΜἫΜ9ΜΜ8ΜΜΜΜ4ΜΜΜ
mmmssfflmmmwmmwwuwn

{3 323⁹ 3363 3633, 338 3863 33777 2777 ¹²} 2122 73ξί 77330 7,

 

ffissmmmwwffffiffffffffss
20 833 333 833 3773 383 ⁶⁹⁶ 7773 7373 7333 7333 7361

50 93 944² 9537 963Ι 9735 9639 9933 0007 0303 0395 0369 04

ΠΜΜΜΜΜΜᾝΜᾛΜΜἻ
¹⁰ ¹²22 3333 30 ¹⁵¹⁰ 30730 2⁶ 333 333 33 ’830 7
ssfflwfflfflfflffifflwQfflffi

wqmfflffl ΜΜΗο89070

0οΜΜΜοΜΜΜΜ5οΜ0

18 οᾟᾞῇἶῶἶ 6274 6266 659 6452 6545 667 6750 682
moe2hmm 0608 06600
20 777 6 57662 6227 6220 6562 6597 6487 6579 6672 50
094Ψ 6677ΜοΜΜο6 wmw

40 9593 9666 9777 ⁶¹ 0053 0145 0237 032 0420 0512 10
50 6360533 0604 6696 0736 0679 0972 2965 2255 2246 2558 2450 041

2450 2522 262 2705 2796 2888 279 2 2 2262 22 2545 50
20 2545 2457 252 2620 2722 2802 269 20655076 5266 5259 4ο
amwwwmmwsff 041m
mmmmwmmffhwww

ssfflffiffiwffifflQQZQQQQQ

 

’05165555555

 

