01 6415 6459 6447 6499 6471 6485 6499 608 619 6951
1 02 64465 6665 65916604661 18 40651
“ 05 6664 6676 88 6700 6711 6715 6757 6749 6761 6775

04 6785 6797 6809 6811 6855 685 685 6869 6881 6895
ἫἭἫΜιἯ ώψωψ
mmmmmfflwmmm
97 716 7158 7170 7181 7194 7106 7118 7150 7141 7154
, 7 7 7179 7191 7303 7315 7317 7339 7351 73639375
09 7337 7399 7411 7417 7435 7447 7459 7471 74817415

g WQWQWQWWQQ
18111111111μι
14 7988 8000 801180148056 8048 80608071 8084 8096 3
7 {g 55 8108 8110 8151 8144 8156 8168 8180 8191 8104 8116 4 48 ,

8118 8140 8151 8164 8176 8188 8500 8511 8514 8557 ξ 42

 

:gfflfflfffflfflfflffifflffffl
¹19fflffiffiffiffifflffifflfflfflg'

22fflmmmffwmwww 4
4 15 9068 9080 9091 9104 9116 9118 9140 9151 9164 9176 ,
14 9188 9100 9111 9114 9156 9148 9160 9171 9184 9196
sswffiffiffffiffimfflssffimffiz

} 77 971 1761 9771 9585 1515 1611 1611 161ι 1671 1655
wwfflhfflfffflwww

j 51 56 0016 0058 0050 0061 0074 0086 0098 011010111 0134 ,
4 51 0146 0158 0170 0181 0194 0106 0118 0150 0 1 0155 1 1.1
, 33 0165 0²77 019 0301 03¹3 Ο315· 0337 0349 031 0373 1 11 1

13½QWQQQQQQQ
11818118844-·

ῑ4 fflffifflwaQQQ ·
:³ 609 wwmwmm
, 59 0981 0994 1006 101 1050 1041 1054 1066 1078 1

41 1111 1155 1145 1156 1168 1180 1191 1504 1516 1518
9 41 1540 1551 1564 1576 1588 1400 1411 1415 1455 1497
43 1459 1471 ¹483 1495 1507 1519 1531 1543 1555 156

44 1578 1590 1601 1614 1616 1658 1690 1661 1674 1686
· 8 ⁵⁶ {⁸33 {3⁰23 {23 8ἐέ {zi 8ξέ 88 {333 {333 ἓξὲξ
47 1956 1948 1960 1971 1985 1995 1007 101 1051 1045

4 1055 106 107 1091 1101 1114 1116 115 210 1161
49 1174 1186 1196 1110 1111 1155 1145 1157 1169 1181

3650 M 2³0⁵

 

1

360011ξ 1⁰ 01 on 3⁶OE0u= 10⁰ 0⁴ ou
361o=1010 3⁶¹00=10¹40
5610--1010 5610οε10510
5650 = 1 0 30 36300 =-··- 10 0
W=ww ³w=ww

 

 

