01 1320 15161551 1558 1544
91 1581 1585 1595 1555 14155 1415 1459 1456
mewru wa

ἫὛἪἭὛᾞ ww&
3⁵QffiQffi& 3&ss
55 1686 1691 16 1795 1711 171 1715 1719 1755 141

147 1554 15 1566 171 17 1584 1599 1596 ¹8⁶²
99 1 11511111715515914515115715

ιῐψηψωψψψψψψ
11 1991 199 1994 1919 1916 1954 1941 1947
15 1955 1959 1965 1971 1977 1985 1989 1996 1191 1198

14 1114 1119 1116 1151 1158 1144 1159 1155 1165 1169 5 1.1 ,
15 851175 1181 1185 1195 119 1111 111 1114 1159 4 1.8
16 115 1141 114 1154 11 1175 1179 1185 1191 .

15 119 15155 1599 1515 1551 151 1549 1546 1551
{9 3239 {22} 223? :23⁷ 3243 1811111 :125 1232 · 5

11 1551 545 1555 1559 1565 1571 1578 1584 5599 1596
ἐξ {66} 1669 ζ67ἒ ἔ6ἴι) Ξ687 ἔ6ξζ Ξ7<31ἓ ζ7ἒὲ 17ξὲ ἰ7ξὲ

Ήψψψψψψ
:wfflwfflffma

27wfflwmwwmwwm
18 196 2974 2980 1986 1991 1998 5994 5919 5916 5915

2½fflmwwmmmmwm

6 ,
5141 5 5154 5169 5166 1. 9.6
184111111111111111 nm 51

ειψψψψη mmm
³2wfflmmm
³3 3272 ³27 2
μ nnmmmnssmg 537

30

3ffmwmwwmwmmm„
smwmmmmmmmeJ

Agmfflffimwmffffffff w
3 mfflfflmwffimwvw
559 5656 5661 566 5674 5689 568

 

41 559 5565 5571 5575 5585 5589 5596 5891 5898 5814
11ΜΜῊΗΜΜΜΜΜ8
41 ³881 ³⁸⁸7 1811 18111105 391¹ 11111111 ³92⁹ 3935

ffiQffiQmfflmfflfflQW
11111111111

ΜΜΜἽΜΜ
mmmmm&

0 111111111111 ⁹

7100‘'= 1⁰ 58¹ 20 71000'‘= 19043‘ 19”
7110 = 1 58 59 71199 = 19 45 9
Μειβφ 7m=m4w
- 7130 = 1 58 59 71599 = 19 48 19
7149ι-1599 71400=19500

 

Δ *A

 

