 

 

xohffffmshſtrsom
21oe 333339 3340 3363 3383 3333 3333 ,343 3364 3383 3403

——ss

ΜΜΜΜΜΉ7Μῌ7ΜΜ
03 3633363643693333363 37773 7983839
οΜΜΜΜοΜΜΜΜΜ

αΜΜΜΜΜΜΜξΜΜΜ
οηψωηΜυΉΜΜηῊςφψΜ·
ώΜΜΜΜΜΜΜΜΜΜ

ΜΜ·ΜΜΜ·ΜΜΜΜΜ
, ΜΜΜΜΜΜΜΜΜἭ
w ΨιΜΜ4ΜΜῊο00οΜ0

33 4488, ,6,,4339743396 4333 4373 43393 4633 4633, 8746--73Ι 4673 33
ΜῊᾈᾈᾈμῆὤμὼω

ΜΜΜΜΜΜΜΜΜΜς
,036060663030

3733 3743 3763 378313833 1388313903
, , 39767 394637,96 98 6008 6038 604966960906330
3 39 63336 333 63731639316333 6333763 34 637,4 6393 6333

Ἇο3ΜΜ6Μ63060οΜ1ΜοΜο01Μ1Μ

....—-........-.. --Ι.....-.-...-.

33 6343 6363 6383 6603 6623 664 66641668476704 6733
zzmfflffimffifflffiffl'ww

73ΜΜΜΜΜΜΜΜΜΜ
34 7333 7373 7393 7336 7336 7337 7377 7739817338 7338 ’
ᾖμῇὣῳψκωωψηωψπηω

ΜΜ7ΜΜ7ΜΜΜΜ
ΜΜΜ4ΜΜΜΜΜ

66333

6376 6396 8336 8337 8337 8378 8398 833818339 8339 '
2130 32 8380 8400 8420 8374378463 84837 8303 83337 8543 8363

μωΜεΜΜΜΜΜΜωΜὯ
33 8711738806 8836 88465 8869 8889, 89098 930 8930 8970 3 30
89911999911 9032 905Ζ 9072 90931911] 9¹33 9154 9174 ² 40

u 09Μ7ΜοΜΜΜΜ70οΜΜἮο91,ΞΞ
·0300003Μ800

ΜεΜΜ,ΜΜΜΜμ
9, 0089 0109, 0130 0130 0370 0390 36 0
39 021¹ 023¹ 0231 0373 ’0393 033310333 0333 0373 0393 9380

ΜΜΜΜΜΝΜΜΜΜΜΜΜΜΜΜ

⁴1WWWWWWWWWW
42 0839 0840 0860 086 090903 0933 0943 0963 0983 3003 ·
43 1022 1042 1063 1083 1103 1123 1144 3364 3384 3303

44 3333 334 126 1286 3306 1326 1346 3367 3387 3407
33 3 37 3 136 3488 3308 3339 3349 3369 3389 3609

330 3 30 3370 369073733 1731 3733 3773 3793 3833

ῊΜΜΜΜΜἯΜΜΜ“
33 3054 3073 30937 3333 3333 333 3376 3396 3336
07οΜΜΜΜἪΜΜΜΜΜο

3339 3360 3380 360093630

7· ΙΙΙΙΕΙΕΠΙΙΙΞΙΙΙΙΙ 7

2100'‘= 0933 0” 21000''= 3⁰ 50‘ 0
2110= 0 35 10 21100= 3 3140
2120 ··-“ 0 35 20 21200= 5 33 20
2130 Ε 0 35 30 21300= 3 330
2140=03340 21400=3540

 

 

