QQQQ Q
2wffffiffl7ffffww7mwmwmo
77QQQQQQQQQQQQ
zwfflfflwmwmssmmwwffiwwae
696 6456 6776 6666 6456 6790 40
77 7760 7777 ΞΞΞ, ⁹Q⁶ QQ88 677 77⁹ Q⁶ Q Q
{g 89964 98988 0696 05656 08588 7696 7564 866856 ’76886 6560 6856 60
wsswmm3ssm⁶wwwmmwffl

vommwsswmwfflfflfflmwfflw
mffl3⁶mmwwffifflwfflfflffifflmo
68656 8558 6879 600 7560 7846 8666 8 88 60

 

40 88007 9479 9768 0077 0790 0714 ¹03² 1760 1Ξο7 1908 88ἓὲ 10
50 7866506 66695 6955 5656 5568 5884 4600 4565 4856 5646 5460 037

Qmww⁶wmmmwfflwso
8596 8909 9666 9555 9844 0656 0467 0778 6089 65996
”QQQQQQQQQQQQQQW
40 78706 8608 8186 878863 9096 9597 39708 086566 6735807 68 8988ΖΟ 860
7840968 6666 6565 6868 6656 6454 6756 5059 5546 5645 55944 036

QWQWQQWWQNJMQQ70
QQWWWW4QQQWQWWQ
9955 0656 0550 0866 6665 6460 6766 6066 6508 6604 2 50
7⁸memwmwm 0
544 4466 17 6456 8764 7066 7509 760 6 607895 {Q 8477 8769ΖΟ 60
870 09 09761 9042 9977 0224 0514 0304 1094 174 1074 035

25 0 786667466 56656 6546 6850 5669 5408 66 584Ι 4676 4560 50
000 Qw77w7Q⁶ws8⁶wmww
0060708η80οψψψψψο
50 7787064 058 46 6665 6408 6696 6974 6657 6559 666 5604 60
Q7mwwmmfflQNJmQQ7w
wwwwwwmwwwwwwm

26 0 8708 8986 9664 9546 9820 0098 0575
7886485 6759 6056 6566 6588 6864 5640 9465 9690 9965 464040
οἫοΜΜΜΜ46ΜΨοΗΜΜ
50 6986 7654 7567 7799 8076 8544 8666 8888 9660 9456 9704 60
40 46 0788 6059 6569 6600 6870 ’6640 6460 60 ·
QmmzeQmmessefflmmwmmm

w WQQQNJ7NJWwame
0 w⁸07mswfflmmw767Q8Q⁶7ffl7

20 7890046 0695 0957 6666 6486 67906 6064 6678 6546 6805 5068 50

0600770οΜοΜ4ηοουοψ7700
Q7QQNJnmwssmmfflwaom

0 swwmwwwmmfflwae

...-—--—————-—- .---- ...ι-...-

28 0 7910894 1152 6460 6669 696 6684 6446 6957 5664 5476 50

7οΜωἼΜοώ6ωωη6ψἭω

w⁶0w877 ⁶7wwwmffl ww

50 8568858 590 946 9596 9849 0606 0 066 6665 60

40 7966665 6986 666668 6870 6666 6974 6666 6877 5669 5980 9656 60
6

70Q7wmmfflwmwfflmm

ἩοΨμΜΜΨΨΜΜᾞ6οἯξ
{g 7956062586 6779 8898 8858 8084 8550 ’8978 08668 5068 5565 559 30
pssffimwmNJWWWWfflUstgm
ww Qw671mmwm7n
50 8459 8686 8964 9666 9408 9650 9896 0654 ’0578 6617 0858

000000 Η17000

 

 

ffl'

