mmmm a

wwmQQwawmmm ³

.——-——

91 69877699561947611116119 611976157461456154 6161
91 6179 6179 6187 619576194 6111761191611976157 6145
95 6154 6161 6171 6179 6187 61967659416511 6511 6519

Qmemwwwffffiww
mwwwwwwwww

⁶mmwwwffiwwmfflww

6588 6596 6694 6615 6611 6619 6658Ξ6646 6654 6665
6671 6679 6688 6696 6794 6715 671176719 6758 6746
6754 6765 6771 6779 6788 679616894,6815 6811 6819

Μωωωῶῃᾞῃῇᾋῗι
13ffl7mmwwfflwmmffiffl

uvmmffiwwmwmffwfflw3m
wwfflwwmfflvnffmwm4ffi
&mmmmmmnwmmffs

1gmmwwmwmmwmgffl
¹7mwwssffnwwmwffmnwg³

ψρῃἪνηωψΉΜΜωμ

w*

τῐψψΨΨΨἮΨΨΜΜ
18991111911

14 8995 8911 8919 8918 8956 8945 8955 8961 8979 8978
15 718086 899 819 8111 8119 8118 8156 81 8155 8161
16 8169 8178 818} 8194 8195 8111 8119 811 8156 8144

17 815518161 8165 8177 8186 8194 8591 8511 8519 8517

96Μωψψψᾞωωω
wjfflwmwmmwwww

5230 71 859178519 8518 8517 8555 8545 8551 8569 8568 8576

51 5 7 59 8655 8645 8651 8659 ⁸ 1
51 866 8684 8695 8791 8799 871 816 8754 8741 1 98
55 8751 8759 8767 8776 8784 8791 8891 8 817 8815 1 16

“QQQQQQQQQMW
ssvwwmmwQfflwmQffffl
fimffwwwwwffffimffl

w ww WMMWWWNJMWN6-
w9qwffimmvwwmmmw 4
w9uwmmmwwmmmmm9m

———-—m-—-———-—-—-—-———

 

⁵240QQQQ⁵⁶QQQQQ1⁹⁴0⁶

⁴1WWWWWWWWWW
16661119661

ufflwmfflwmwfflfflw
vfflfffflfflfflfflwmww

fflwmmwwwfflwm

Wwfflwmwfflmwffl
9994 0001 0010 9919 9917 095 9945 995179969 9968

49 72 0077 0085 0093 0101 9119 9118 9116 915419145 9151

-ῇ--ο--ιιῇ--ι-ῇ-ιι

5250 719159Ϊ9168Ιοι76 918479191 91911919919117ἰ9115 9154

. 5²00'‘= 1⁰ 26‘ 40⁰ 52000‘'= 14026‘ 40'‘
5119 == 1 16 59 51199 = 14 18 19
5²²0=1²7 0 5²²00=¹430 0
5159 = 1 17 19 51599 = 14 51 4ο
⁵240=¹2720 524002143320

 

 

