 

0 mmm-QQQQQQQ
ffifflfflfflmfflw⁵
5 7666465 7646665 7664664 7645454 7766667 774566 7765 45 57
4 7666466 7646746 7664655 764 676 7766666 7744665 7766666
7666454 7646666 7676665 76 566 7766664 7744565 7766567
7666446 7646766 7676555 7646766 7766464 7744764 7766467
· 5466 7645665 7676665 7647644 7766666 7745645 7767667
66545 7645664 7676455 7647576 7766666 7745 66 776 647
-6 6 7676466 7647444 7766667 6
7644649 7677550 7698446 7777665 7746777 7768565 5ο
7745646 7976747 7746657 7765764 7746655 7776764
· 775644 7 4465 7765 66 7747656 77 4666
· 7675646 7644674 7764644 7747464 7764446
64 7667655 7646564 7674677 7766644 7764546 7777765 7764747 46
766 545 7646444 76745 776656 7764445 77 666 777665 45
7666656 7647475 767566 776645ἓ 7765546 7746557 7776565 44
766856 764447 7675475 7766557 776 766 774646 7776676 45
766 5 7646466 7675467 7766776 776666 7744666 7776667 46
64 7664576 7646645 5656566, 7766644 7766577 7744665 7776564 46
20 7666676 7644566 7676664 7766666 7766476 7756657 7776446 4ο
7744657 7777747 7765667 7767536 7756477 7776746 5
756564 7 7746 776544 776776 77577 7776077 5
· 7656774 767656 7765665 776655 775 54 7775 57
64 7666646 7656656 7676575 7764674 7766546 7756556 7775566 56
7666544 7656766 7674664 7764645 7766446 775646 7775766 55
7665645 7656664 7674455 7765666 7764554 775667 7774676 54
775547 ⁷:2⁵²⁶{} 7'232⁸⁹⁵ 7765565 7764767 7756656 777446 55
· 4647 7556 7 555 776446 7756664 7755666 777477 56

664547 765555 5766774 Ἢ 57555557555775, 48
, . . 121 . . . · 0
· 7654567 ’7ῗῖὠῇᾐὲῗῇἓῆᾗῇ 7745656 {3

³ 7654444 7666646 77 544 775664 7757767 777 646
5 7666546 7655454 7666567 776667 7756674 775 7 7776545 67
54 7667667 7657475 7676465 7766764 775 64 7755646 7776645 66
77675 7675674 7178568467 7766156 7756 54 7755677 7777647 65
7666 75 54 7 55 776445 7755645 775547 7777544
7666577 7657567 7664675 776464 7755656 7756556 7777456 65
5 7664676 7657766 7664764 776 4 7754666 7756765 777 766 66
54 7664566 765 645 7665644 7766475 7754464 7757645 7776 56 66
46 7656666 7656766 7665576 A 7766665 Ι 7754747 7757466 Ι 7774666 66
7656555 7654666 7666666 7766644 7755665 7757656 7774556 6
46 7656646 76 4664 7666446 7766765 7755576 775 677 77 4766 6
7656556 76 7666674 7466666 7755454 775654 77 56 67
44 7656656 7666556 7667566 7766566 7756545 7756456 7766466 66
7656566 7666666 7667745 7766466 7756756 7754676 776674 65
7655666 7666464 766 67 7765556 7757666 775464 776664 64
7655566 7666466 7666666 7765745 775776 7766656 7766447 65
- 7655446 7666766 7664674 7764656 77576 7766576 7766745 66
44 7654474 766644 766444 7764556 775675 776676 7766645 66
7654466 7665566 7664466 ¹ 7764465 1 7756656 7766667 7766446 10
7655455 7665756 7646556 “ 7765566 7754646 7766446 776666
56 7655446 7664665 7646757 7765774 775 66 7766656 776565
55 7656464 7664676 76466 7766674 7754 7766666 7765556
7656945 7665476 7694646 7746585 7740497 776558 7785878 6
zmffiwmwmww
sfflwfflfflwwfflss
54 7654557 7667547 7645755 7766666 7746665, 7764544 776 666 6
7654666 7667644 7644674 7764665 ι 7746464 7764766 7765456 6

’6 u 4461456 456 456 456 546 ¹¹

eotg 89⁶ 45

 

