——.-..

851 555855 851 W 551 554715 551 578181
stssffffiffiffissfflffiffi}

754 877571 854 555158 854 551458 554 555484
755 877547 855 55758 855 551588 5555 99
758 878511 555 858 551474 558 58545 4

806
{Ustssmssffissaeffffiffi

755 885141 855 557545 855 555555 909 558584 555 ,5085-
960 581171 3

855 909055 865 933003 965 9857537
811 555558 881 555557 , 581 585179
763 885353 853 950095 863 936055 963 Ι98365 j

784 885 5 814 5158 884 558519 584 ῥ584577
76 88365 853 95553 863 93705 96 984357
766 884559 856 955690 866 937358 968 1984977

76 884793 85 955555 867 938059 96 983456
768 883365 858 9557 3 868 938350 968 989873
785 885518 815 51514 585 58514

ΜΕ

775 887034 855 95443 975 987599
775 88657 855 95 75 975 9896
775 8 175 815 515455 58 575 58115

774 888741 814 519517 574 588555
775 8557 55 7551 ²⁰⁰⁸ 575 5555
77 855411 81 51558 57 ’585855

778 855585 82Z 51 55 5 51 578 55555
775 851557 815 518555 875 545 5 515 58518 575 55573

QQ

835 959605 985 995669
835 950553 4 4 985 995555
8 855 515845 585 551554

854 511188 584 55155
- 839 ’955686 94694 98 993936
93 922206 58 555 77

Ὶ85 511715 88 54514 58 554517
836 9535 888 453 988 994737
855 51571 885 548551 585 555158

wfflfflfflffi mffi]

751 858178 841 514758 851 545878 551 558574
795 ξ98753 945 953959 {92 939963 995 996355
7755 55175 45 5151 55 55 51 555 558545

754 855811 844 51841 854 55158 554 557 88
755 555587 84 51857 855 5511 54 55 5515
758 555515 848 517575 858 551558 518 558 558155

75 551458 84 5188 85 551751 54 99 558855
7 551555 8 516556 85Ξ 555178 54Ξ 57 99g 555191
755 551547 845 518558 855 555785 545 577188 555 55555

..u-— —U-l

000 555555 850 515415 000 554145 950 577714 1000 555555

17 -ιιιω N·

50“= 0⁰12¹ 30
εοηω
830 ·- 0 54 50

ξζὲἰὲἷξςὲ

 

 

 

