 

 

, 51 6567 6511 6517 6511 6518 6555 6558 6597 gig? 954

ἶ {3 6686 66674 66Ξὲ 6868 66ξὲ 8658 6838 649 6654 6659

54 6664 6676 667 6686 6686 6691 6696 6761 6767 6711

66666666666

ζςΞΜΜὛΜἭΜἏΜΜΜ
5 6875 6886 685 6891 68 6961 6 6911 6917 6911

*QQQQQWQQQWQ

⁶1mfflmwmmmmmw
61 7 5 7696 769 7161 7166 7111 7117 71111 7117 7151
&mmfflmwmmmwm

⁶4 7196 7196 7161 7166 7111 7117 7111 7117 711 7158
’6666666666619ο
7343

g⁶fflmwmmmmmwm
dmfflwwwmwwm7
Qmfflmmmmmwmm

mwmm

ffffiffffiffmffwfflm
ffifffflffifflfffflfflfflffi

{u fflmfflwwwwmfflm
>166666666666

Qfflffifflmwmwmm
79’666666666

³ 8280 91865678656 8641 8646 8651 8657 8661 8667 8671 8078

———-—-- -——·—-—

8083 8688 8695 8699 8164 8169 8114 8119 8115 816
8195 8146 814 8151 8156 8161 8167 8171 8177 811

81 8195 8198 8165 8169 8114 8119 8114 8156 8155
8146 8145 8151 8156 8161 8166 8171 8177 8181 8187

918195 8198 8565 8568 851 8519 85 8519 854 8546
&wwmwwfflwmwmffi

8481 8492 {497

91 866778611 8617 8615 8618 86 8658 8644 8649 8654
91 8659 8665 8676 8675 8686 8683 8691 8696 8761 8766
9³mwmwmfflmwmw
94 864 869 8775 8786 885 96 89 8861 8866 8811
95 918816 8811 8817 8851 8857 8845 8848 8855 8858 886
9 8869 8874 8879 884 8896 8895 8966 8965 8911 8916
16666666666
88866866888

wffifflfflffiffimffimffiffiffi

6

1 66
1 1.1
5 1.8
4 24

8

ww

5

1 6.5
1 1.6

8 ¹·5
4 2.0

6
ΜἫΜΜῘ

1168111111-111,

82 0“= 2⁰ 17 56” 81 00''= 11055 o‘'
2 =21740 .-.115 46

8
8 116 1111566

8196811816 819661115146

 

