, 43
m

3 64·9

4 37.3

’ 343
³322

· Ι 9367

1 „ 33 4 m ’7

40 0 Q η Q μ 0055433 9866470 20 0 20
10 9.831081 9964650 0055570 9866450 50

4
4
4
4

66 9636664 44 9964673 44 9633367 9666436 44 46 ³
30 9.831127 ²3 9964735 44 0055385 9866433 49 50 ὲ

46 9636649 44 9964737 44 9633643 9666396 44 66
36 9636676 44 9964799 44 9633666 9666373 22 66

,-0

41 6 9636693 W⁴³ 9633636 .- 6 19 ·

*0

30 ’985ἶῖ38 ²3 ’99Τ488Ῑ 4² 0055336 9866554 50

30 9853343 ²3 9964936 44 0055074 9866535 Ι9 40 ζ

834444 ἷῖ 3:323333 ΣΞ 8134443 3:322332 {323

36 ,9434399- ξ4 9963633 44 9634947 9666636 ²⁰ 10 ’ ¹

3----42—-———19

42 6 9636336 9963693 9634963 9666637 20 6 18

·-····'·-23······-···42

10 985355 9965397 0054865 98663ιέ 50 2

o 43 0054830 986639 19 40

66 963637 44 99636

50 9853400 ²² 9965333 4² 0.034778 9866379 49 50 4

⁴2 ⁹'{³{⁴²2 ²³ 9963664 44 9634736 9666639 44 66
43 50 ’3-85ἦὲ469- ²3 ’996ᾗ49- 43 Q 9866330

--63---46 --69

20

017

 

44 9963366 44 9634694 9666646 ¹⁹ 10 ’

109·83149² 9-965391 0054609 9866303 50

· 66 9636364 44 9963433 44 9634367 9666666 ²⁰ 46
36 963637 44 996347 44 9634363 9666666 44 36
40 9853540 43 9965534 43 0054483 9866043 ²⁰ 20
50 9853585 43 9965560 4² 0054440 9866035 43 30

-0

’44 Q4²Q48⁶⁶00420016

42

10 9·8³1⁶28 9-965644 9634336 9663964 36 2

²0 9636636 44 9963667 44 9634363 9663963 ¹⁹ 46

36 9636674 44 9963769 44 9634676 9663943 ²⁰ 36 1

3733493 4 4773434 2} 393333 733339 83

-33-- -.--39

-35-- ...-

4
4
4

45 6 9636746 9963633 9634643 9663667 20 0 15 ’

10 9853765 9965898 0054303 9865867 50 ’

33 3844343 ²3 9965983 4² 0054038 9865838 ²⁰ 30
46 9636637 44 996 64 4² 9633976 9663669 {3 66
36 963663 9966667 46 9633933 9663796 20 ιο

...0

· 46 6 9636679 Q ⁴² 9633696 9663776 6 14

ἶ 47 ο 9636663 9966366

ζ 49 0 9853388 9966869 2 0055353 9865439

10 9636966 ²³ 9966636 ⁴ 9633649 9663736 ¹⁹ 40
20 9636964 44 996669 44 9633667 9663736 ²⁰ 40
0 9853947 ²3 9966354 43 0055764 9865733 49 0
ΞΟ 9853970 ²3 9966378 4² 0055733 9865693 ²0 {0
50 9636993 ζξ 9966366 2} 9633969 9443473 {3 ιο
10 9636636 ²³ 9966463 44 6334436373 4663644 ¹⁹ 50
20 4 693 4 3364 36
{g 3:832103 ²² 3:366333 42 0:0{3262 gagg} ²0 {g
50 9·⁸32129 23 9·9⁶⁶574 44 963346 966333 ¹⁹ ιο

----63---46--

48 0 9636636 9966666 9633364 9663336 ²⁰ ο 12 ἕ

---63-·-46----69

10 9636673 9966636 9633346 9663367 50
20 9636697 44 9966766 44 9633366 9663497 {⁰ 46
30 9636666 44 9966746 44 9633636 966347 ⁹ 3ο
40 9636643 44 9966763 44 9633663 9663436 ²⁰ 20
50 9853366 43 9966837 42 0.0

----33---43----

---63--4-----69

10 9853533 2 9966933 0055089 9865400 20 50
20 9636334 4 9966934 44 963364 9663366 46
30 9853556 ²² 9966996 4² 0055004 9865563 49 50
40 9636379 44 996766 44 9636966 9663346 ²⁰ ιο
50 9853403 3} 9967030 23 0053930 9865533 ¹9 30

50 0 9636463 9967663 9636677 9663366 ²⁰ 0 18

 

mmmmm , ἐκ

²3 9965940 42 0054060 9865848 ¹9 40 ÷

0 13

37673 9663439 43 10 ss -j
0

 

