4 onununuuqu

56 6476 6484 4965 6566 6568 6566 66 46556 6946 6548
56 6556 6564 676 686 6588 696 6666166666 666 6668
55 6655 6645 46656 6659 6667 6675 6685 6696 6699 6767

96666666666

{memmmmwmmm·
§QWWWWWWWWWW

ffiwmmmmmwwwm

21WQQWQ4WWWQM '
46666666666666

976ᾞ6ΗΗ6669ΜΜ6ώ46
Qm7w7mmwwww ·
7wfflffimmmmmmw

999949796 7957 79657 79737 984 607999 7797 7865 7865 7866 ¹ Ι
9 732NJW7Q7QQWWM·
*QQMQWQWQQWQWNH

Q7wfflmwmwmmwwfflww

71 8667 8675 8685 8696 8698 8666 8664 8666 8656 8658
76 8646 8654 8666 8676 8678 8686 8694 8666 8666 8668
75 8665 8655 8646 8649 8657 8665 8675 8686 8689 8697 Δ ’

74 9595 8565 8566 856 8557 8544 8556 8566 8568 8576 ’
79758 5848596 8400 8403 8466 68464 9456 8446 8448

7 mwmwmsmsswmw

9 66Ἧ68ρ668ψω64

7 8666 8656 865 8646 854 8666 8676 8 8 8685 8695

7QWWWQQQWWWQ

74 6886 6896 68967 6966 6964 6966 6956 6958 6946

6954 6966 6976 6978 6986 6994 7666 7666 7668 7666

 

 

81 8866 8868 8876 8884 8896 8899 8967 8965 8965 8956 ’
82Qmwwwwwwwww7

QQQ⁶WWW

. 94 9697 9695 9665 9666 9669 6 999 Ι
466666666666·
Q mQNJMQWQ7NJMQWW7Q

⁸ QQQQQQWQQQQM
QQMQQQWQQQQMQWQQ

‘QMQQQQQQQQQQQ
91QQffmQQWQQmmffl,
W⁹WQ⁹QQQQQ⁷⁹QQQ
6Ν6ΗΜΜ9999ΜΜΉ
QQQWQWQWQQWQ

99 79 996 9976 9994 999ι 9999 0007 001⁵ 002³ 001100
9 740047 0055 3 0070 007 008⁶ 0094 0102 0110 666

99 6666 6654 6646 6649 6657 6665 6675 6686 6689
s 9 6665 6665 6666 666 6656 6644 6656 6666 666

9666666666

4 ounnnunnunw·

540'= 1 0564 50‘ 5456οέ 650 8’ 66”

5⁵4⁴ss& 6 56 0 54600= 65 66 ο
540=13110 5466-- 65 66 46
54 ε 6 56 66 --65 65 66
1 5470 ²· 1 3Ῑ 80 5470οἓ ι5 Ι5 0

9666967496869696664

 

 

 

