 

 

 

ο 1 2 111111111111 ψ
2300 361728 1747 1766 1784 1805 1811 1841 1860 1879 1898

01 1917 ᾖῇὖῇἧῖἷιῖ 1050 ffiffl-z-offb—
01 1105 1114 1145 1161 11 1 1100 1119 1157 1156 1175
osmwwwwwmwmm

04 2482 201 1510 1559 1558 1577 1596 1614 1655 1651
ἓξ 561671 1690 1509 1717 1746 1765 174 1805 1811 1840
Qfflwmwwmmwm

ffiwwfflmmwfflme
wmmwwmmmmm
wmmffl3mffimmmw

M

11wfflfflffimffmwwmm
”wfflwfflwffl3mmwwmſtrL
m4mwmwmmmfflmmmw2ss

ηὸψψᾪωωῇψψᾌψψψμέ
38888888888μ

wmmwwwwwmwffs
5115 5151 5151 5170 5188 5107 5116 5145 5165 511 ΗΞ
mswmmwmmmwwmwm Ἢ

-....-.-...-.-... --. 91171

mwfflfflfflfflffiffifflfflfflffl
”QQWWWWQWWQQ
sssswfffflffissffiffiwffl
14 6156 6155 6175 6191 6511 6550 6548 6567 6586 6404
ΖΝᾌῊΨἍᾙἩΨῊΨΉ
2 2 47 4 73 722 74 759 77
19 696 6815 6854 6851 6875ς 6899 6908 6917 6946 6964
{qssffiffifflfflQfflfflfflffl

2330

vnmwwfflwwwwww
μ mwmwwwfflmwffim a
3QmmwmmwfflQfflssmk
34 8101 8119 8158 8157 8175 8194 8111 8151 8150 8168 Ξ ἐξ
55 56 8187 8505 8514 8545 8561 850 858 8417 8456 8454

5 8475 8491 8510 8519 8547 8566 854 8605 8611 8640 {13¹} ‚

55 8659 8677 86 8714 8755 8751 8770 8789 8807 8816 9116 ·
3fflfflwhwmwwwwmnm

wssffwwwmmwwwwffloe
Mfimmmwmwmwwmff³

1ιᾟ14ῖὸ1ῐξῐᾶἧῖ4ῖ61ᾟόξῗ61ῖέἐῖᾶὂὲἔῖ
0 wwzmmwffwhmmw
sswafflWQwaw
44 9958 9976 9 5 601 6051 6050 6069 6087 6106 6114
4 57 014 0161 010 016 0117 0155 0154 0171 0191 0509
4 &wmfflwmwwww
49 9515 0555 0550 0569 0587 0606 0614 98645 363 0680
06888688688

2350 571068 1086 1105 1115 1141 1160 1179 1197 1116 1154

u· mammam

6

23oo'¹= 0⁰ 38¹ 20¹ 23000'‘= 6⁰23‘ 20¹¹

231o=038 50 23100=62 0
2320=03840 23200=6²240
2330=038 50 15500 = 6-1810
²340=¹039 0

 

 

 

