 

10 98”4’4”994 9’9”’-8999944 9999989 948-944991199

99 9844498 88 9989999 48 999991919 9894493888 “

30 9844499 ²¹ 9999999 48 9999989 989449 88 99
984449 999989 489 99 9894998 ²⁰ 4

99 98 88 9999999 48 9,,944933399 9,,89499988 99 ’

ἰ
26 9 9,,,844999 ,2 9,,989899119999999 9,,,894489 1, 9 ’9641
4
9

· 29 9 9,,8449994419,,999949 44,9,,,999’”’8’99 Γ-,Ξ,94998ζ141039

· 26 9 9,,8499494419,999499 9998999 9,8,,’9”999844 9 34

99 9844999411499’9’99”98944 99998-’99 98949984199

99 9844949 11 9999999 48 0009770 989499988 11149 1

99 9844 4489 9990272 4 99999998 9894999118899
499844988 88 9990314 48 9999888 9894994113

99 9844899 999099⁶ 48 9999844 ,9,,89499418899

22——4 -···-···

22 0 3844639 34900398 40009609 9-.----11854933441ι 0 38

99 9844899 9999449 9999989 9’8”’94999 1199 4 ’

98 9844898 88 99899949 88 0009918 698949991 49
9999 9 9933 .. 999 919999 ³

90 9,,844999 88 99 48 9,,999999 9,,894999188 90 ,

23 9 9,8,,449894 4999989”9””9’44 0999949 9,,89499944 0 37

22-——42——-—-

88 9’-8“”44989 11 9999899 0009907 9-118949834411 99
944899 11 9990739 48 99899999 99498
³0 ,9999 9 0 7 9 9099 98
40 443,9,,44989 ²2 3,3,,9ο93 ⁴² 993339,9,9 ,3,936839

28 9 9,,844889144”’19,,999999 44”’ 9999999 9,,’98”’9998814414 0 361

49*-

¹0 8844”0’“41149990”’9’48 0009094 9899989411499 1
90 9844999 11 9990988 4² 9 99 9893944,0

99 9844994 11 9998998811 811938 9918999841 38
3393339 22 333394 49 0009934333933310 1

-—.21--—·42

. 25 8ο 9845018 9991196 9998844 ’9”’985336911 ⁰ 35

10 9845040 44 9991198 44 0008809 98538494114150 .
a 99 49
99949989 11 99999949 9998989 9888899899

99 9849989 11 9999989 ⁴³ 9998999 98998998188 919

49 9849994 9999999 48 9998 99 9899999818199

90 9849998 88 9999989 8,, 0008⁶33 9899,,9,991199 9

 

99 9’98”4998844 99999499 44 9998949 989”9”9994 499 9

20 984999988 9991493 48 9998999 98199898881491
99 9849999 88 9999999 88 99984489 9899898 „30 7
49 9849999 9999899 9998499 98899998 99 9
, 99 9,8,,49994 88 9,9,,9999 ⁴³ 9998,9,89 9,8,,-998998ο 99 :
9 27 0 9845276² 49.9-”9-”-’9669 44””’110,008338 Τ”’8536ι444 0 33

99 9’8”49999119’9”99994 4²000829⁶ 98”99”99444 199 ἐ
99 98849999 89999948 848 9998994 989999988149 ³
99 9849938811 9999388 48 9Ι 998999 98899999 .
49 98499 9991 99 48 9998 999 98999991818 99 ¹

50 4384538388 1..43--1-1339874 4² 0.008128 98853594 10
1 28 9 9,·8,4949944199,9,9994“’“’8414 9998988 989949944 111320
99 98”“494984 4999”’9”998 9998944 989949914414

99 98494498819999999 ⁴³ 9989999 9 989944

99 984948889 9399999 48 9999999 989949 38883143
40 98494998819999949 ⁴ 0007 99 98994988ο 9
99 984,,9,9998 89,,999999 88 99399999 9988999898 ιο 9

——-----21

ἶ 29 9 9,,849999199,,ζ’9”99989 2²—— 9999899 ,9,,899988
99 9’8”4999944 9999909 9999999 98’9’9”9949 „50

99 9884999819-999999 4² 0007749 989999988

99 98499988811 9999993 4² 0007707 9988899994 ,30 3
40 98498991999999 4³ 9899984 9899989881149 ,
90 9,,-84984918199999998 ⁴² 0·⁶007 99 9988899989 ιο ’

--—----21

36 9 99-’8498894 4999949944 9999“Τ’9’89 9899949 0 3⁰

„ ’.ΕΜΓ

θη-..ψ-Ἧ-...Τωπ--Ἣ .

 

 

