7

 

 

usnnuuunnuum

50 0398 0404 0400 0406 0400 0408 0434 0440 0446 0450
50 0458 0464 0470 0476 0480 0488 0494 0500 0506 0500
ssfflwwwwwwwfflm
090000000000
5 7 0703 0709 0715 0701 0737 0733 0739 0745 0751

57 57 3703 33⁶9 2775 9980 0787 93 99 0805 0800
099000000000

60 9996 0000 1008 1014 0000 0006 0030 0038 0044 0050 6 ἶ
60 0056 1060 1068 1074 1080 0086 0090 0098 0004 0000 j
63 0006 0000 0008 0034 0040 0046 0050 0058 0064 0070 ·

64 0076 0080 0088 0094 0000 0006 0000 0008 0004 000 3 08

65 860036 0040 0048 0054 0060 0066 0070 0077 0083 009 4 04

00 1095 ¹3⁰¹ 1307 1313 1319 1305 1331 1337 1343 1349 30

Qmmwwwmwwwww W
mwwmwwmwwmww

69 0475 0480 0487 0493 0499 0505 0500 0506 0500 050

70 094 0600 0606 0600 0608 0604 0630 0636 0640 0648
79 154 0660 0666 0670 0678 0684 0690 0696 0700 0708

nwwmwmmwmwmwwm
74 0973 0779 085 0390 0397 0903 0809 0805 0800 0807
75 86033 039 045 050 057 063 0869 0875 0880 0887
7 mewwwwww

Zssffiffifflffffiffiffifflffiffl

, 79 2072 0078 0084 0090 0096 0000 0008 0003 0009 0005

0043 0049 0055 0060 0067 0073 0079 0085

80 ²191 2197 0003 0009 0005 0000 0007 0033 0039 0045 5
82 2251 0057 0063 0099 0075 0080 0086 0090 009 0304 0 0.5

83 9309 0306 0300 03 0334 0340 0346 0350 0358 0364 0 0.0

84 ²370 0376 0380 0388 0394 0400 0406 0400 0408 0404 Ξ ἐξ
Ἡο0000000000
mmsmmwmnm ff

0000000000005
Qffffifflfflffifflffiffimffist}
mwmwwwwwmmmffl

793 0999 2805 0800 0807 0803 0809 0835 0840

90 47 053 05 0865 0870 0876 0880 088 0894 0999

*wmwmmwwwwmm

} 94 ²9⁶⁶ 0970 0978 0984 0990 0996 300¹ 3007 3⁰¹3 3⁰¹9
7 93 86 3005 3030 3037 3043 3049 9055 3001 3007 3073 3073

3005 3091 3097 3103 3109 3115 31²¹ 3110 3132 313

9gmwwfflfflmfflfflww
9

3004 3000 3006 3000 3008 3034 3040 3046 3050 3057
Qjfflfflfflmfflfflsswmmnmw

mmmm

0 nnuman-uu

7² 0'‘=,2⁰0'50‘' ,5πὲὶὲυέ 200 8120!ae
70 =210 7 =20100
720=2110 7200=20114o
7 ==2120 7 =201320
72q0=2130 72900=20150

w

 

