N· ΙΙΙΙΕΕΙΕΕΙΙΙΕΙΙ Pv-
2200 541415 1441 1461 1481 1501 1511 1541 1561 1581 2600

——u-————--—-— -——·-—

01 1610 1640 1660 1679 16 1758 1758 1778 1798

mfflwwmss wwmw
mmmwmmmwwww

u³mwmmm2wmwmQQ
ffiuQfffflwwmfflmQQ
summumwmmm

wfflwwfflwwwmw
swmmwmfflwmmwmm
0 mfflwwmfflfflffiffim

-ὶ--ι--μ--ι-ι-ι

wwmwwmmmwfflfflfflfflfflm

---------

ιιψωωωωὼωψωωω
11 4785 4805 4814 4844 43⁶4 4663 4903 4923 494² 49⁶² 1 20
1³ 4981 5001 5011 5040 5060 5080 5099 5119 5¹3⁸ 5¹5⁸ 2 420

14 5178 5197 5117 5036 5156 527⁶ 5295 53¹5 5335 5334 3 66
1011801115515

’144098009048
’155914554845
mmwffifflffiQwffiffiffiw'

11 6549 6568 6588 6607 6617 6646 6666 6685 6705 6715

11 6744 6764 6785 6805 6811 6841 6861 6881 6900 6910

23QQQQWWWWWW

24 7135 7152 7154 7¹33 7²1 71Ξὲ 7²52 71Ξ1 Ἡδὲ 73έὲ>
,04440110114

zgwwwmw Qfflffiff
QQQQQQ &QQQ

 

51 800 8519 8559 8558 8577 8597 8616 8656 8655 8675 ¹9
51 8394 8714 875 8755 8771 871 8811 8850 8850 8869 1 1.

ssfflfflQWWMmmwmw
54 908 9105 9111 9141 9161 9180 9100 9119 9159 9158 ³ 5¹}

³fflwwwwmmwwmwssss
Wwwwwwwfflwwh4

³
ᾗῴΜηΜΜΜΜΜΜΝἻΜ

wwwfflwmwwwwssa
59 55 0054 0075 0095 0111 0151 0151 0170 0190 0109 0119 917.1

2240 35 0248 02⁶7 0081 030⁶ 0100 0145 0104 0184 0401 0441

,u QQQMwmwmmwmff
14944004104

44 1015 1041 1061 1081 1100 1110 1159 1158 1178 1197

45 55111 1156 1155 1179 1294 151 1551 1551 1571 15 ¹
4 1410 1419 144 146 1 7 15 1516 1545 1564 154

1445 160 1915 1941 1961 1980 1500 1719 1758 1758 1777
φῶὢἈῌᾺᾺἨἎἙἊ

———-·—-——— ————-—-——

2250 551185 1101 1111 1140 1160 1179 1198 1518 1557 1556

u· anonumum
⁷ 22000“ = 66 6’ 40”

1100”ε 0⁰ 58 406

1110 -- 0 56 50 11100 6 8 10
2220=0370 11100--6100

1150 = 0 57 10 11500 = 6 11 40 ·
014οΞ037101 1140οε61510 -

 

