n 220222222222

52 237 23 2424 2433 245 242 242 2522 2530 2549 ·
52 2568 2588 2607 2626 2645 268 2684 20 2727 2742
57 2762 2780 2800 2829 2878 2858 2877 288 2925 2975

9
54 2954 297 2 3022 3032 5050 3070 3089 3¹0⁸ ³127

ffuwmffiffimmwwwfflwm
5 mmwwfflmmmmw

sgwmffmmmmfflfflffl
&wmwmwwfflwwffiw
59WMMWWWWWW9

ᾗ mmmmffimemfflffifflsw
⁶³&fflfflffiffifflffifflQffiffl
23.

{4Mwmmwwwmwmmff
fflfflmvfflwmmmmmwh

⁶9Mmmwmmfflmmfflm2ffi
ᾗψᾟῃωψωηψῆφζζ
2222822222804
2002200202000

72 622 6276 6255 625 624 6727 6772 6752 6770 6789
72 6408 6427 6449 6486 6 9 6904 6527 6542 6562 6580
w ww wwwmwmww
2μ8828897222
2 mmmmmmmnmm
7gmfflwfffflwfflwfflm
7 7½4nn7ffi27n7³07w7 9727 29
79mmwfflwwwmmw

mmmmmmwwwfflwffl

82 822 8244 8267 8282 8202 8220 8240 8259 8278 8 7
82 8728 8775 8754 8777 872 8422 8470 8449 8468 8237 1 2.8
87 8506 8525 8544 8567 8582 8602 8620 8679 8658 8677 2 76 “
84 8 6 8725 8774 8757 8772 872 8820 8829 8848 8867 3 54
sssmwmmwffimmwwffg
8 wmwwwwwmwwffis‘

83wfflwmwfflfflwfflwfflh
8mwwfflwwwwwwwm
&wwwwwwwwwwmffl

2 92 760025 0044 0067 0082 0202 0220 0279 0258 0277 0299

92 0225 0274 0257 0272 02 0709 07 0747 0766 07
“ ⁶ waww
¹ 057 0622 0672 0650 066 0688 9907 0726 0745 0764

ἓξ 76077 0802 0822 0879 0858 0877 96 0925 0974 0953
9 0972 0992 2020 2029 2048 2066 20 5 2204 2227 2242

2228 2277 2256 2274 227 2722 2772
2750 2769 27 2407 2426 2445 2467 2 2 2502 2520
2577 2596 2625 2677 2652 2672 2690 2709

 

 

22 0“= 0⁰ 37' 30¹¹ 22500''= 6⁰1¹ 0¹¹
2 =o3740 22600=⁶1340
22οε0750 220οε62820
2 =03 0 2003620 0

229οεο7820 2290οε62240

 

