' 50 2770 2795 2819 2

-wwfflffmfflfflwkffwwffw
6607 6666 6656666 66666 6 dg 6656 666665 666556 6657 ⁴⁰
6666 66667 6655 6666 6665 6768 66565 66666 6666 666 6856 60 ,

6856 6877 6906 6967 6956 6976 7006 7066 7056 7076 7600 0 97

ΜώωωψΜψωΜωΜωωΉψφ
ιοψψ699ψψψψψωψψω
609ΜΜ4ψΜΜΜο005600

40 6096 6667 6696 6666 6696 6666 66937 8665 8690 8565 859 60 “
50 8559 8564 8569 8465 8458 8465 8466 88566 8557 8566 857 1
52 0 896887 8666 866 8666 8686 8760 875 8760 8784 8⁵ ᾗ
60 864 885 8865 8908 895 8957 896 9007 905690 886 40 ’

1 96 9650 9655 9660 9604 669 9654 9678 9505 9568 50

9706 9353 9477 9400 9407 9450 47 9500 9505 9550 975 00

975 9599 904 9649 9673 9696 9705 9747 9770 9797 900 00 α
900 946 9670 9695 9900 9945 9969 9994 0009 0043006

-1—————— -ιι ---

53 0 8950068 0096 0667 0646 0666 0696 0666 0640 0665 0690 0564 50 7
’ἭἨᾟΞεΨῊἫΨᾚᾜἙΟ
0606 0656 0856 ο0860 0966 0966 354 866 6066 6068 6056 {o '

1052 6077 6606 6666 6656 6675 6600 6665 6649 6674 6698 60 7

6698 6565 6547 6576 6597 6466 6446 6470 6495 6569 6544 ο 6

54 0 8956544 6968 6995 6968 6949 6667 6696 67966 67 6765 6789 50 7
ἔξᾈᾉῶῶὴῇᾙᾘῶᾙῗ5ψ
838888788888888

644 6866 6895 6967 6946 6966 6996 5065 0 57

Nffimmffffifflffffiffifflffiffww
8888888888888
wmmmsnwwmwmmmw*
wsmwwm⁶mwmmmmmmmo

⁵6888wmm8888871u

ffifflwffiffiffl4ffwwffifflffimw
w fflwmw94ffinwwfflowmwmw
wwmwwswwfflqmfflwwv
³088w8⁶msswmmssqsffmuss⁶wy
wffiwwmwffimmsowsmw
wmmwwmgsuwfflwwmwz

57 0 8959946 5966 5996 6065 79 6064 6088 6666 667 6666 668 7
60 68 6660 654 665 666 6507 6556 655 657 6404646 40 ’

60 6466 6456 6477 6506 656 6550 674 69 6666 667 6676 750

50 6676 669 6769 6744 6766 6796 6666 6 6 686 687

40 6969 69666966 6986 7066 7055 7059 7 067656 7656 60 ss

50 705 70

wwwmmwmmssmmfflmmwm
87878mmW7 mu&

207ἫΨοΜο mfflmn
50 66 649 675 8697 666 8646 8670 82⁵ 8568 85 6 8

60

wwfflwwwww8³ff224⁸

08 856 8656 86 68705 8769 8755 8777 865 8850 0 1

wfflffiwfflmwmmmmffww

10 9096 9667 9679 9665 9688 9666 9656 9660 9684 95 9556 40

w οη0οη0οη00

8 mffwwfflmwwff
8WWWQ

50 6940055 0079 0103 012

508

 

 

