5¹ 8131 813 8163 8169 8133 8181 8188 8194 8306 8306
33ffffmffiffifffflfflfffflffl
11111114111
&Qwssfflffifflfflffffw'
8Ή99999199184
3 8616 8616 8631 8639 84 33 8651 8633 8663 8669 8638
8681 8688 8694 8366 83 8311 8319 8313 8331 8333
s9mwwfflfflmfflfflww

8866 8831 8839 888 8891 88 8963909 8913 8911 3

⁶3 1111111911 ¹0⁷

1 14

messmmmfflfflxffffmfi

5 49¹¹² 9¹¹8} 9¹24 9191 91 9143 9149 955 911 917 4 4·

66 9134 9186 9186 9191 9198 9164 9111 9113 9113 9119 {41³⁴
w⁶ss8888888888

'38'8ffimwffaessmmmwm832

 

{31Wfflmw33mwwmww

1111111111,·
³ 74 8 1633 1611 1611 161 161Ο 1116 1131 973⁸ 1114 111Ο
111111111111
133ΜΜΜΜΜΜΜΜὙ

9911 99139
79 997--3 997

81 0095 6161 61 6113 6119 0135 6131 01383 6144 6136 ⁶
82 6136 0161 616 6134 6186 61 6193 0199 010 6111 1 06
83 6113 0113 6136 6136 0141 0148 0134 6160 6168 0131 1Ι 1.1
84 0139 30183 0191 61936 6363 6369 6313 0311 6318 0334 2 ἐξ
ν1111111141111111ο
6 3.6

31 {3 04⁶2 04⁶9 0475 0431 04830493 0505 0311 0318

111Μ161114 111113111
638 3 0391 6393 6663 0611 061

 

8 3¹ 111111111311 1313331
9998 0⁷8⁸ 4ἑ99ζ ³8⁵ 02⁶7 027³ ²²⁴8„ 0⁸⁸⁵

,1481111111111
09mww83mwmwwmm

, A 96 1614 1010 16 1631 103 1644 1636 163 1663 1669

² ⁸33 1073 1081 108 1693 1699 1163 1111 1118 1114 1136

113 1141 114 1134 1160 116 1133 1139 1333 1191

1193 1163 1169 1116 1111 111 1134 114611131

 

3333ιτ ¹⁰⁵8 30'‘ 311’·-·11“43ὀ’
ww =8w
3χη1 ffiissfflss
·1ᾹΜ thw

 

