. 0000000 0000000 0 00000000 0 em

0 2 0 00000000 ,000000 πεο0000 00 0000000. 00
3 w„ 0000000 000000 00 0000000 ΝΗ 0000000 00

00 0000000 00 000 00 0000000 0000000 00
00000000 {ff 00 000000 ΜΝ {a 2

. 0000000 0000000 0000000 00

0000000 0000000 0000000 00 ἕο ᾖ

00 ΜΗ 000000 0000000 π 0000000 00 0000000. 00
0, 3 00 mom} 0000000 00 0000000 wa 0000000 00
ff 00 00 0000000 r} 00 000000 0 {a 0„

00 00 0000000 0000000 00 0000000 ΝΗ 0000000 00
00 0000000 0000000 0000000 0000000 00

00 0 0οΞΞοΞοοΞ0 00

,ΙΙ 0οΙι....00ΙΙΙΙΙΙ

00000 0000000 00 0000000 0000000 00
00000 0000000 00 0000000 ΜΝ 0000000 00
. 0000000 00 0000000 0 0000000 00
. 0000000 00 0000000 w„ 0000000 3
. 0000000 0000000 0000000 00

0011111001

00000.οἒοΞ 00Ξο 00 .

0000000 00 0000000 om 0000000 00

Η 0000000 00 0000000 m„ Mi& 00
000 00 0 00 0 0000
000000 ἓξ 00 &ww 0 00000000 0„

ΙΙΙ 00

00 &mad-30 3

. 0000 00 0000000

. 0οΜ0000 00 0000000 ΜΝ 0000000 00
00000 0000000 00 000000 0 0000000 00
0000000 003000 00 0000000 wa 0000000 00
0000000 0000000 0000000 0000000 00

,ΣιΙΙΙ

. 0000000 0000000 00 Ξο 00

οΙΙΙ 0011100-..ΙΙι

0000000 0000000 00 0000000 0000000 00
0000000 000000 00 0000000 00 0000000 a
0000000 0000000 00 0000000 00 0000000 00
000000 000000 00 0000000 0000000 3
a} 0000000 0000000 00 0000000 00

111001110οΙ

000 0 m„ 0000000 0000000 0000000 ιμοιο..0οι0.0.. 0 ὃ .

01111Ιο0

2 0000000 0000οε 00 Ξ ΜΝ 0000000 a

,0
a

 

 

0000000 0000000 00 0000000
0000000 0000000 00 0000000 Μ {a 00
0000000 0000000 00 0000000 00 0000000 00

0 0000000 0000000 0000000 00

0111110010οΙ

. 0000000 0000000 0000000 0 ωω

00 00 0000000 000000 n 0000000 ff 0000000 00
Μ 0000 mx. :L 0000000

0 3 00.000.0000000.00.00

⁴ 00 000 00 0 00 0 00 0„
0 00 0 a} 00Μο000 00 000000 0 0000000 m

00..ιΙιι 0011001ι

0000000 0000000 0000000
0 00 ΜΗ 0000000 0000000 u 0000000 Μ
3 00 0000000 0000000 00 0000000 ,0 000000 00
0 00 aa} 000000 00 0000000 ma 0000000 00
00 m 0000000 0000000 00 0000000 00 0000000 3

00 0000000 0000000 0000000 0000000 00

00111111001110011..

ᾖ. 0 0000000 0000000 00 Ξ 00 Ξ 0 Ξ .

0 00 00 0000000 0000000 00 0000000 0 0000000 00
0 3 Ν 0000000 0000000 00 0000000 wa 0000000 00
00 0000000 0000000 00 0000000 00 000000 00
0 . 0 0000000 00 0000000 00 οΝ00000 00

0 0000 0000000 0000000 0000000 00 . .

001111

Ξ . 0000000 0000000 00 ..0.οι0.οι0οι0. 0 Ξ
0 s

a ΕΕΞΞ-

ιΙ-ΙῚΙΙΙΤ. {illst}

0000000 00

 

 

 

ιιΙΙΙιΙΙΙΙιῘΙῘι-ιιιιιι,
0
ο .

..00 0

