‹ ¹ 177ἳὲ777

’ 3 7311316 7303513 741037 7406333 71307030 7344713 7377333 37

147311171370411 7411173 7466613 6636676 7343313 73 633 30
6 7717717 7776 777767 777661 1711711 67776717 771 116 77

7310003 7373103 741330 7406763 7303701 7347111 71561331 33
· 731013 7376 741433 74613460 7310333 75466706671631103 31
3 73133 737 577413146 7470133 7311003 7346 304 7566·154

11111111 111111 111111 1111116 777776 777766 777777 Ϊ
67 742 ³ 7376463 7466306 7473077 7563576 70655 66 756 50 47

14 71313003 71363303 7413060 71473743 71314166 71531163 7363336 40
1 71003145 730161 71413603 7474451 73146 71653104 7156344 43
17313061 71361037 74306 31 7473137 7313313 71551455 736 430 44
16 7316037 7361317431431 7476661 7516666 71553044 715567 =
7113 030 7316 7431110 747

6 363 7310 7333633 75663
3 713 040 736367

7431366 7477167 71517440 7334111 756114 41

11 7330014 7366413 7434333 7476606 7516714 7535365 7363110 3
11 7330336 736173 7433311 71343 67 71051331 7155636 71363731
13 71331373 7367144 7430064 74 4 71313377 733360 71330133 37

14 76331356 71366060 7430633 7460701671351066 7337130 73316633 36
37333. 76614 77377 7 473. 73474 73334 7337 47
, 16 7336663 71330364 7433133 7461644 731133 7536636 6753641
, 733654 71331433 7134 14 7466333 715131 756667 7333

13 71337611 7366411 7· 66744117 Q&
30 736766 1116333711141481Γ164317ιῑ307ᾓ1141
31 733351 ⁷.³⁹{3⁹} 7441111 60074 731303 7361117 7334536 s
3² 7340714 73340 74413717 4616636 71651663 71656736 71533166 ;
33 7341674 7333633 7443731 74603 75130 756 37 73336
34 71341061 7330563 71444466 7466063 7316366 3761766 733610164
76 7777766 71677 717 77771 771777 77671 71771617 777167
36 7346431 7333006666 7446731 7463716 71516603 7136407 73 733 1

1³ 7346161 7333300 7446504 7430337 7513431 736314 753 660 11
36 7³473 6 7400743 744155 71431077 7330034 7363613 715361 11

· 41 7343176 7402414 7443 31 71431434 7531135 73663017 710333
41 733011 7403140 7430433 7433111 7331314 76565 531 716666 3 1 ,

744 71331034 7404307 71431363 7434461671333146 7506070 7001504 10

76 7777166 76761 777777 777767 7777761 7777677 7771677 77
646 73346317 74666360 7434114 7430461 71334 0 71370371671603066 13

616733 611 110 7434 33 7437131 7133107570336 7 00360 11
43 735 746 7403031 7453 31 7437611 733113 7371503 71004131 11

5¹ 7131633677410060 7457104 7433157 7536640 71571031 7603176 ²
31 7363516 7411467 71664573 7463314 7338 6 73731 60070161
53 7360437 7411303 71456631 7346003 733600 7137375 111

66 6666666 7413117 ’17463303 7130115 753313 737416 71000743 6· ’
7413330 740033 7165011 733363 3737 73 7007104 5

· 56 7363667 7464746 74606 22 7506460 7540490 7575439 7· 607764 4

 

566 71304034 741330 7461530 73036641 7541036 7576336 766603 3 6
730 65004 7413 366 7461667 7503601 73467606 737667 7 66611 1
7141715 7433 7,,1-304401 7543 713774 7 333

 

736013 74133766 7463173 705 434 7344114 73767643 L ’

 

 

