mum Ι μηςει 7.505nx ⁴ .
7309857 73ῧέ10 7418771 74ἓ4449 753176 ζ ⁷:⁵⁷2?
73108 73 11 7419574 745171 75 1 7577
71311915 71369511 7410374 7465891 75 8 A 7579336
7311940 7370410 7411173 746661ι 75 741 7545313 75 9890
zm} 7777777 773777 777730 777777 70777 77

73160οῗ 7373103 7413561 746876Ξ 7309700 71547108 75ξ153
Ξῑέι = 3:333& 32:223ss xm, 3:322ss 7ῑὲἕῖἓὶ dm
71319043 7375771 7415937 7470904 751164917548897 7583101
71310051 7376656 7416716 747161 7-511197754ἒ917583750
7131108 737540 7-41ὲ513 747151 751 3 7584199
731 1 737411 7418199 7473035 751Ξῖ39 755067ἑ 7384847
77777, 779737 {230⁸ss 3233}ss 7777773 7777777 777707
{225061 7381056 74306 49 7475155 7515511 7551451 7586237
7316056 7381302 7451450 747ἑ8ἑ9 75ἲὲὶ65 7555ῗὲ ΞΞΫΞΞ*
77737 777777, 77773 7777777 7373 777717 -77
7319017 7384544 7-43375177477966 7518083 7554806 7588664
7330013 7385411 7434537 74715666 7518711 7555591 7359106
733099 738178 7143 31 74 ⁹³⁶5 7519358 7559 75 97
733197 7387141 743 3 7 7519995 75565 63 75

7331958 38800 7436853 7480759 7 7557147 71590830
7335935 mund ⁷⁴³Z⁶²³ 7481454 751116Ξ 755730 7591570
71554909 7539715 745 391 7481149 751189 755 313 7591909
733 881 7390581 7439157 7481841 75115Ξ1755889ξ 715914ἒ7
753 855 7391458 743 15 7483554 751311 75 9476 759195

<³ 7821 pggnp Z ⁸7 Z⁴⁸⁴²²E z⁴⁵²³⁷22 «mn
7-323732 7323145 7441449 71ῳ15 7514413 755³} Q

7359751 77595 5 7441110 74 604 751501 7561114 7594595
73 13 73 7441970 748191 751 75617ἕ1 759510
734175 7595691 7443719 7486978 751307 756139 7595
⁷:³⁹⁶}ss 7ἒζθ5ἒ8 7444486 ⁷33⁶ss ⁷:⁵2⁶⁹³⁴ 31⁵2*ss 3:33⁹}
33223„ 77 322}ss Ξψφέψ ζέιΞΓ] 7Ξ1Ξὲψ 7377
ἔῑὲῒψ 7Ξῶ Ξΐέἑὲ 3222}ae 7ῑέῗῖ 3323? 7:⁵3⁷?
mmm 7406741 7 153 7491075 7753ξ51 75658ιῖ7 75 ⁵
7348331 7401578171449001 7491754 7530671 7566387 7599388
754917 7401411’7449750 7491451 7531191 7566959 7999
735011 740314 7450497 7493109 7531911 75ξζὲἑ
7351155 740407 7451143 7493785 7531519 75 ⁷⁶⁰097·
7351091 7404906 7451987 7494460 7533147 7568667 7661501
7355017 74074 7451730 7495134 7353763 7569135 7601018
7355960 7 3 7455471 7495807 7534379 7569803 7601554
7354ἓ91 7 223 7454111 7496478 7554ἕὲςῖ 7570369 3⁶03
7³5 16 7 71454 51 7497149 7-53 7570935 7
735747 7409030 745590 7497819 755110 7571500 760411
7357671 7439850 7456416 7493488 7536831 7571065’
735859 741966 457161 7499155 753444 7571618
73 95 7411ώὲ 945ἔὸ 7849911 71536ἒὲ 7573191
75 7411301 7458619 7500487 7538 7575753
713613ΞΞ 7413116 49361 7501151 7559171 757315
7361 741391877501815 75398817» 7-57 7
7363181 7414759 7460811 750147 71575436
7364095 741549 4671549 7503140 754109 757 995
7365001 74157 7461175 7503800 754169Ξ 7157555

³⁶5⁹¹⁰ 741713 7463001 7504460 7-541303 7577111
- 7417968 7-50⁵¹¹⁸ 7

 

 

 

 

 

 

 

