 

 

8 ΙΙΙΙΙΙΕΙΙΙΙΙΙΙΕΙΙΕ ἶ

380097 9784 9799 9896 9888 9849 9848 9894 9864 9879 9886

—.---— ——u— ...-

0¹mewmffifflw
09 58 0099 009 0055 0089 0099 090 0995

03 0996 095 0949 099 0959 0985 0995 0906 099 0999

0949 50956 09659 0959 50986 0993 0509 0590 0559 0545
58 55 555 {QZ 89 858 888 88 888 88 057¹

99 9059 900 9069 9 5 908 9096 9905 9999 9950 9949 12
99 995 994 9956 99 17 9998 9990 9999 9955 9 995 1 ¹2

u¹wwwwwwwwwwm
94 9589 9599 9405 9495 9496 9458 9499 9460 849 9485 5 5.6
88 55888 5858ἰ888818ἰ8588ξ {73 588 848 :333 Ξ85
95 9599 954 945 9956 9568 959 9590 9809 9895 989

997 959 9 09 89 995 9904 9996 9995 9958 354
9950 999 9959 9 9995 9005 9098 9099 9049 9059 911098

J 3820 589065 9055 9086 9095 9909 9990 9959 9945 9954 9966

8 99 9955 9988 9900 9999 9999 9954 9945 9955 9968 9959
¹ 99 9999 9509 9595 959 9556 9545 9559 959 95ξὲ 9595

998 999 949 9 9 965 9586 9595 9609 9690
²⁴an 4594969855 988 900999 9999 954
9545 9556 958859759 9590 9809 9895 9894 956 45
9 9858 9850 988993 9099 99904 9995 9995 9958 9949 9969 ’
wmm3wfflwwffu
²9 3 5 3097 3¹0 31¹9 3838 3848 3853 385 38798

awwwwmmmmmmmm

³1wmmnmmmwwwfflm
0 wmwmq1wmffi31sfflw1
nnwmNJQMQMM3mffl3

NJ74u

ΫὛΜἪΜΜΨΨΨ94
zfflgfflfflssffffifflffifffflssgffl
9 w wmmwwssm ¹

98 480 4888 4888 4899 4150 4889 4859 8888 fig} 808874 8 8-8
99ωωωψωωμψψψη9

8840 98 4998 4949 4994 4969 4976 4988 4999 4489 442² 4433
0 &fflwfflffmffiffiw

446
70800099930

ssss8g4ffissfffflmmsswd14fflssyffl
8008000000

ψωωψψψψωωψ
{ssmnsmsswsmwswwnw

88 ΕΙΙΙΙΙΙΙΙΕΙΜΕΙ9 88

3⁸00‘'= 1⁰3¹ 20‘ 38000“= 10⁰33' 20¹
3⁸¹0= 1 5 50 589003 90 590

ffl=¹w w=¹mw
38838)ἓ 9 5 50 585003 90 58 90
3⁸40= ι 4 0 58400390 40 0

 

 

