 

01 8550 854 85 58 861 867 871
01 8576 851 886 890 8595 8600 8604 8609 8614 8618
05 8615 8618 8651 8657 8641 8646 8651 865 8660 8665

04 8670 8674 8679 8684 8688 8695 8698 8701 8707 8711

wfflwfflwwwwwmw
765 8768 8771 8777 8781 8786 8791 879 880078805

8810 8814 8819 8814 8818 885 888 8841 8847 8851
gg 8856 8861 8866 8870 8875 8870 8864 888918894 8898

09 8905 8908 8911 8917 8911 8916 8951 895 78940 8945

fflmmmmmfflmwfflww

fffiffiffffifflffimmwffls
n mwwwwwwwwos

¹3 9090 9159479099 9104 9108 9115 9118 9111“9117 9151 ᾗ Lo

14 916 9141 9146 9150 9155 9160 9164 9169 9174 9178 3 ¹·5
1 96 9165 9188 9191 9197 9101 9106 9111 9115 9110 9115 4 2,0
20 9229 9234 9239 9243 9248 9253 9257 9202 9207 9272 5 25
25 9270 9282 9235 9290 9295 9292 9304 9309 9323 9328 ⁶ Ὦ
100010100000

ΜΜΜΒ

πιψψψψψψψψψψ
n ½9m½ffiwwffiwwqmffi½0m1
²3mwwwmmm½mw

14 9601 9607 9611 9616 9611 9616 9650 9655 9640 9644
ηψΜΜἨΜἫώψψψψΜψ
w Wwwwwwwfflmw
10000000000
10010009000

wwwwwmffl

vWwag , ,-
vmwmmmwmwmmw

33 970022 002 0032 0035 0040 0045 0049 0054 0058 0065 1 08

54 0068 0071 0077 0081 0086 0091 0096 0100 0105 0110 3 {n}
55 970114 0119 0114 0118 0155 0158 0141 0147 0151 0156 ⁴ ω
56 0161 0165 0170 0175 0179 014 0189 0195 0198 0105 ξ

5 0107 0111 0117 0111 0116 0151 01 {g
58 0154 0159 0165 0168 0171 0177 0161 0186 0191 0196 , ,

w'QoemwauwwmQssmwffQu -

————-—

{⁰3⁶¹ ⁰3⁶5 0370 03750379 0384 0589

41 0595 0598 0405 0407 0411 0417 0411 0416 0451 0455
42 0 0445 0449 0454 0458 0465 0468 0471 04771041
43 046 0491 049 0500 0505 0510 0514 0519 0514 0518

0 mmmmwmmwfiwwsswwn
45 97057 084 089 0595 0598 0605 007 11 016 11
46 0616 0650 0655 0640 0644 0649 0654 0658 0665 0668
4 0671 0677 0681 0686 0691 0695 0700 0705 0709 0714
4Ξ 0729 0723 0728 0733 0757 0742 0747 0752 075 9502
wommwwwmfflmmfflww

wffiffi .Q

5 0140 0145 014

9ffl=fflsffl fflwssffwffi
9w=2uw ψωτῆμω
9510 = 2 55 10 95100 = 15 55 10 ,
9w=2½w , ww=0 0
w=2ssw 9w=sssw

 

 

 

