 

 

 

J 79 11661171117

³ 84 1486 1491 1 1565 1511 1518 1514 1551 157145

 

, fflmfflfflwwwmmw
1 *wwmwmmwwww
6 mems1⁶mwmmmsm

’ΉΨΨἭΨΨΨΨΨΨὛ
²fffflfflffifflmfflffifflffi·
11ῃηῆψψψψψψψῂ
{9Qffiffifflssffifflffiffffi

Twmwfflwmwwww

3 856611 0017 0024 0030 0037 6645 6649 6656 6661 6669 7
= 61 6675 6681 0088 0094 0101 0107 6114 6116 6117 6155

, 65 6159 6146 6151 6159 6165 6171 6178 6184 6191 61971017

6194 6116 6116 6115 6119 6156 6141 6149 6155 6161 5 11
585 616 6174 6181 6187 61946 6566 6566 6515 6519 6516 4 18

ff& wmssmmwumwwmwmgm

wwwmwwwwwm μ
64 6467 6475 6486 64864 6491 6 6565 6511 651 g 43
666Μ6666Μ6618Μ68889ξ

4 85 6589 6595 6661 6668 6614 6611 6617 6654 6646 6646 ³
71 6655 6659 6666 6671 6678 6685 6691 6698 6764 6711

111666 688ψ

nwwwfflssssmfflffiw

6 wsswffssfflwuwwuwwfim

810101 0180114011101110141 0148 0114 018Ι 0181
6975 6986 6986 6995 6999 1665 1611 1618 1615 1651

1657 103 1656 1657 1665 1676 1676 1684 1689 1695 ,
¹¹⁰² ¹¹ ¹¹¹1 {33} 1:31 1:31 {1⁴2 :210 {133 {133

⁸1mewwfflwwww⁶

ς86ΜΨψψψψηωωψῐώ

&wwwwww1mwwffl·3

, 85 8515615561 7515811588195111 4²4
, 86 6114 1616 1617 1855 1659 1646 1651 1659 1665 1671 ἐξ

fflfflwwwmwmwwg42
¹1⁴² 8η 88 88 8ξί 88 88 88 88 88 A}

391Wwwwwmwwwm

, 91 198 1664 1616 1617 1615 1656 16561641 1649 1655

2 1668 1674 1681 1687 1694 1166 1166 1115 1119

] 94 1116 1151 1158 1145 1151 1158 116 1176 1177 1185
’ 851189 1196 1161 1169 1115 1111 11 1154 1141 1147
1155 1166 1166 1175 1179 1185 1191 1198 1564 1511

fflnsssswmwmmmww
wwmssmwwwwwm

Ν...1111761-

2111: ¹⁰⁵²· 1161-,ε 1411
6776ε 4 44 441 64 00= 18 484016
670= 1 55 6 67 :18 56 6

66εημο 0w=ss00

16 7

 

