'' Sin &Tugmcotg (70757.”’

Q—--n-——u—-n

30 1 9478141 67 9498711 74 1511178 9979411 7 0 30
9478119 66 9498796 1511114 997941 51
8 9.49889 75 0·501¹3¹ 997 7 41
71 9478741 ⁶⁷ 949894 ⁷⁴ 151117 9979411 ⁶ 50
40 9478419 77 9499117 73 151194 99797
51 9478478 67 9499189 ⁷³ 1711911 99797

”“““ -74 “··“··7 99

9499187 1511877 9979781 0

{ss 94777119 77 9499178 g} 1511614 9979775 ’7 0
373131 3333 137313 31331 ⁶ 30
40 9478719 ⁶⁷ 949947 73 1711544 997977 7 ²0
9478878 ⁶⁷ 9499519 73 1511471 9979748 7 11
9478941 ⁶⁶ 9499817 ⁷⁴ 1511797 9979741 ⁶ 0 28
¹0 9479119 77 9499878 ⁷³ 1511714 997977 7 51
70 9479076 7 9499 49 73 0·500²5¹ 9979577 7 40
³0 9419141 77 9479711 73 1511178 9979711 ⁶ 71
41 9479119 67 9499898 77 1711114 9979755 7 ²0
51 9479175 66 949999 1711171 99797 6 11

33 1 9479741 6 9711141 77 1499958 9979711 1 27
11 9479419 7 9711115 ⁷³ 1499885 997917 7 71
11 9479475 ⁶⁶ 9711189 ⁷4 1499811 9979187 ⁶ 40
71 9477 41 ⁶⁷ 9511181 73 149978 9979131 7 71
41 9479 8 77 971177 73 1499887 9979177 7 11
71 9479875 67 9411417 ⁷³ 1499591 9979187 ⁶ 10

73-

34 0 Q 67 9511481 1499519 9979181 7 1 26

74—--·7

{ss 9479718 66 951159 73 1499445 9979157 6 51
9479 74 ⁶7 97 1 66 1499771 9979147 7 40
71 94 9941 66 9711711 1499199 9979141 71

50

= 40 9471117 67 97Ξ674 73 1499118 9979177 7 11

47 73 1499157 9979117 11

..7ζ7-8ω-77-66ἑ7ἑ-75--ῌ

35 ο 9480740 9500970 73 0499080 9979770 0 25

11 9481117 ⁷ 97119 149117 9979117 ⁷ 50
20 9481177 77 9511 8 ⁷³ 149 4 9979118 7 41
71 948177 7 9711141 78 1498 1 9979111 ⁶ 71
41 9481 7 95007 ⁷³ 1498787 99791 7 11

9480477 2⁶ 9507987 73 0498774 9979777 7 70

36 1 9481579 67 ’9507659 73 1498141 9979181 ⁶ 0 24
10 9481117 66 9711471 ³ 1498518 9979176 7 51
20 9481871 6 971171 73 1498495 997918 7 40
30 9480658 67 950157 75 0.498422 9979760 30
41 948114 66 9504764 7³ 1498749 9979179 ,7 20
50 9481871 ⁶7 9711714 77 1498178 997914 7 71

37 1 9481777 66 9711797 1498117 9979141 1 73
11 9481117 66 9711871 77 1498171 9979175 7 71
20 9471169 66 9607045 77 1498167 997911 7 40

71 941175 6 951111 149794 9979111 71

40 9487707 67 9502089 75 0497977 9979765 7 20

50 9487768 66 9596767 73 ..ο-,497858 99797 7 10

38 0 9481774 66 9=502²35 ⁷³ 1497785 9977111 1 22
70 9487400 6 9509508 77 0487083 9879076 7 50
Ι 20 9.481467 67 9507587 77 0487078 98790 7 40
6ο 949666 66 960465 7 1497547 9979179 7 71
40 9487559 66 9507577 73 0497474 0879073 ²0
50 948765 66 9507599 73 0·497401 9870000 7 ¹0

39 0 9481771 66 9511871 77 1497718 Q 0 21
0

10 9481 8 95114 149715 997917 7
70 9487774 ⁶⁶ 9507777 73 0497777 997904 40
71 9431971 ⁶⁶ 951181 73 14971 9979179 71
41 943198 ⁶⁶ 9711984 73 1497108 997917 11
5ο 9487177 ⁶⁶ 9=50303⁶ 7² 0496974 9979077 7 10

---66 ---7

9487778 9505709 77 0490397 8879078 0 20

 

 

