 

76776 677 877777 687 83377 737 863377
777 77773 787 7673 637 866777 687 8337 777 864377
7777 77 767 766363 677 877474 683 674477 733 863764

363637 736 636333

77 77373 78363333 233 8370ξὲ ⁶035 ΗΞ 063οέ
773 777783 383 777773 673 873377 663 836 773 733868844
680 737734 600 776637 600 876787 600 838843 700 863777

777787 647 866838 637 833478 747 863878
747 773 33 737 777777 647 333337 637 846776 747 876474
777633 643 777 633 846733 74386387 3

w 71

3733 334 777786 644 878886 634 84773 744 87737
34 77 337 73 77477 633 863366 3338373 733 67777 ,

74 737737 73 77374 876737 877773
376Η77Μ76ἩἾ7
743 773377 733 .⁷..⁷⁷⁴²⁷ 643 877743 633 844477 7438744876
000 W’Sfis 000 778777 050 877777 700 877398 750 8753673

mmmmm 7673
7εὲ77
33333

 

