,unumunurm 0

95900 77 0851 0859 0867 087410881 0889 0896 0904 091170918

οιψψψψψψψψψ
1 01 0999 1007 1014 1011 1019 1096 1049 1051 1058 1 5
4 09 1079 1080 1087 1095 1101 1110 1117 1114 1191 1199
’ 1146 1154 1161 1168 1176 1189 11 1198 1105 1999
771110 1117 119 1141 1149 1157 114 1171 1179 1
1199 1901 19 19161919 1990 1998 1945 1951 1960

ψψψΉψψιῆψψψ
wwwmfiwwfflwww

9 v 11 1661 1668 1676 1689 1690 1698 1799 1711 1710 1999

ἰ 13 {³⁴1}ss :323 :3331337213 61 ξΞξξ ¹32³ ¹

77 1959ὁ 1961 1969 1977 1949 19 1 199910061019 1011

 

7 19 11
46ΝπψυψψΜψωΗψηῶψηὼψ
J 21 1999 1401 1410 1417 1414 1491 1499 1446 1454 1461
ιειψψψψψψψψψψ
1541 1549 1556 1564 1571 157 1586 1599 1600 1608
= 14 1619261611 1690 16971644 1651 1659 1666 1674 1681
, 77168 1710 1718 1711791 140 147 14 5
1761 179 1776 1784 1791 17 1806 1819 1810 1818
9899961841 1850 1859 1864 1871 1879 1886 1894 1901
29 9-1 ΞΞΞΞ ΞΞΞΞ 3332 3333 8ΐὲ Ξὲἕέ 323332233313
WMWWWWWWWWWW
³1fflffifflwwwwmffiffl4
μωεψωψωηψψῊῐΜ

u3mfflv8wmmwmvfflmmw3¹4

1156 11 1170 1178 1185 1191 1900 1907 1914

wmummwmfflwmm
mfflmw⁶mwmmww342

mmffiffffw3ffffffffim⁷
³⁹mmw⁵vfflfflfflffiffffh⁹

fflfflmffiffifffflmfflw
,μ mwwmfflmmfflww·
Qmwwmww w

u Wfflqffmfflffiffmwmff
wmmmu ωηὼμὸω4ἣμωω
Μωψωωώώμγψω

59100 Ξ 16 1940 0
5910οε 16 1
5990οΞ == 16 18 10

 

ufflfflfflmmfflwmfflwm.s

1²1³.

⁷ ¹⁸7⁴ ἑὲῑὲ

J 14 1881 1889 1896 1909 1911 1918 1915 1999 1940 1947 9 24

m⁶wmmswmovmmae

1101 1109 1116 1114 1191 1198 1146 1159 1160 1168 ⁶ 4¹8
1199 1181 1199 1197 1104 1111 1119 1116 1194 1141 7

⁷ .
w

2.1

3=5

ΞΞ

 

 

