40
ἔ 55
5 770
4 76.0

700

740

78.0

570

7766

39
ἔ 35
5 667
4 756
4ῑὲ
' 3323
955¹

280 7

ψ *vr-ff-ss- μώὴ-ῃ- ..ἦ-

Unum -ΠΕ ” ’

0 0 Q. 40 7765674 5 51 6674766 7745775 1, 0 770
66 7676647 7765767 ¹ 6674675 7775764 56

1 66 767666 56 77657 5 6677667 7745767 ¹¹ 76

6 76 7676766 40 77656 ⁵¹ 6674677 7745 6 ¹² 76

46 7676 66 40 776567 50 6674666 7745 76 ¹¹ 66

56 7676567 56 7767766 50 6674676 7745677 ¹¹ 10

--·--40---57----77

· ἶ 1 6 7676647 7765777 6677666 Q 6 59

70 9677886 ³9 977600 ⁵¹ 0.273970 9945857 ¹¹ 50
66 7676766 40 7766666 ⁵¹ 6677767 7745645 ¹² 46
50 9677965 39 977677 50 07756 9945854 00 50
40 9677005 40 9776757 50 0775875 9945875 ¹¹ 70
4 56 7676645 40 7766677 5016677767 7745666 ¹¹ 66

——--—-—..—.—--

6 2 0W0⁸T³⁹ Μο76677766 7745666 ¹²

¹0 7676664 ⁴⁰ 7776774 {¹1³ 777666 764667 ¹¹
7

5 20 9·⁶7²1⁶5 55 7766 6677665 777777
3 76 7676667 40 776647 ⁵} 6677564 7745767 ζζ 76

46 7676646 56 776647 5 6677567 7745756 66
1 56 7676666 40 7766577 50 6677467 7745744 ¹² 66
³ 3 6 7676766 ³¹ 7766566 ⁵¹ 6677466 7745777 ¹¹ 6 57
² ¹0 7676766 ⁴⁰ 7766677 ⁵¹ 6677766 7775766 ¹¹ 56
7 70 9677400 39 9776690 50 0775570 9945777 ¹¹ 40
³ 50 7676476 40 7766746 50 6677666 7745766 ¹¹ 76 1
4 40 9677479 39 9776797 5} 0775707 9945688 ἔξ 70 ¹
4 56 7676567 5090 776646 50 667765 7775677 n 66 7
4 0 9677558 9776897,Ι . 0 564
10 7676576 ⁴⁰ 7766747 ⁵¹ 0-275057 7745655 ¹¹ 56
²0 7676677 56 7766774 50 6677666 7745647 ¹² 76
76 7676677 40 7767677 50 6676755 7745676 00 50
46 7676766 56 7767677 50 6676 5 7775666 00 66
56 7676756 40 776764 ⁵} 0272 54 7745666 00 66

-- 12

5 6 Q 40 776767 50 Q 7745576 6 55

66 7676675 7767647 6676757 7745567 ¹¹ 50 ’
70 9677874 39 9777798 50 0777707 974556 ¹¹ 4ο
76 7676764 40 7767747 50 6676656 7745545 00 76
46 7676757 56 7767777 50 6677666 7745554 ¹¹ 20
50 7676776 53 7767456 50 6677556 7747546 {² 10

⁶· 0 6506505Ξο9 Qssffl 7745556 1} 0 54

10 7677676 7767556 6676447 7745546 50 ζ
66 7677666 40 7767666 50 667677 7745567 00 46
76 7677656 56 7767657 ⁵¹ 6676747 7745 7 00 76
46 7677676 40 7767767 50 6676677 774546 00 20
50 7677667 56 7767754 50 6676646 7745475 3 66

9-- 51-———-

7 6 mas-³ 7767565 6676675 7745464 6 53
66 7677766 ¹⁰ 776765 ⁵⁰ 6676645 7745456 0 6
66 7677747 56 7767760 50 6676674 7745446 00 66
76 7677767 40 7767757 50 6676647 7775476 00 76
0 9675476 39 977800 50 0777 ,447 ¹¹ 70
56 7675465 55 7766656 ⁵} 6676666 6646466 00 66
8 6 7677565 3‘9' 7766667 {0 6676676 7745776 J} 0 52
777777 4 77777 4 7777 7777 1152
0 9.673623 40 9778767 50 07777 9745567 ¹² 0
{0 9.673662 39 9778577 50 0777650 9745557 00 60
50 9675707 40 9778567 50 0777655 7945540 00 70 ’

7676777ῖοοΜξο67606666606Ξῖ6 ⁵¹

00 6055600 00 6765453 667657 7745767 ςο ,
70 9675870 40 9778574 51 0·27146 9945305 11 40
30 9·⁶7385 39 9=7²85⁶4 ¹⁰ 0.27146 974575 00 30 7
76 7677565 ³⁹ 7766665 ⁵¹ 6676755 7745657 ¹² 20

50 7677776 40 7766665 50 6676775 Q ¹¹ 66 ’

-77--56-- 66

10 6 7677777 7766766 6676664 Ι 7745666 6 56

 

1140

 

 

 

 

