’40 0 8065776 75957 76138 6319 6499 6680 6861 7041 71117401 7581 5ο
1 ιο 756177 7941 8111 8301848 84818661 841 9011 4310169380 40
4 10 9380 9560 973 9918 9997206 5177- 5456 5635 5814 5991 5171 3ο =
,οΜ0000 ςῗ4ωψωο8Μο0.
“ 40 8955 33 3380 343 3444088 4899 4376 4553’ 4738 ¹⁰
wW4fflsmwwNJmwmmwm}

1ss ο 6500 6676 68537059 7 710 1057381 7558 7734 7910 8086 8161 50 ¹
0 8481840881 000018 Qoeffiw'
1ο 8080016 0191 03 0541 0716 0891 1065 1140 1415 1589 1764 30
wwwffwwmfflwfflmffiwmwwl
0οῊ1818Μο0οω08080
0 mwssmmmmmwffimmwnffl

88 w½.wsswmwmmwfflmo·
¹0 wm31wmssffl4fflmwwf
10 8090398 0569 0739 0910 1 1 1151 1411 1593 173 134 1104 30 1
0 mmwuwssmmdmmmhmw
01ΜΜΜΨΜΜΜο000οΜ1οῙ
10018ωω808οΜΜ8ΜΉο0

183 7351 7510 688 7856 8411418191 ᾖ 851-8-8696 8863 50 ²
gwwwwwssmwfflwmmwfflws
1ο 8100537 0704 0871 10381104 1371 1538 1704 1871 1037 2204 30 τ
10000708000010807
1800 0800 494181401480481850170 10400
ms Qumzsnfflww

8οη0800οΙ8Μο084Ηο0*
offlwvwmmwmwfflmwQ42
10 8110444 0771 094 1097 116011413 156 1749 1911 1074 30 ,
³0mwwmmfflwwmmmw'
wwwmmwmfflwwvm
0 00οΜῊοΜΜΜΜ

 

30 1715 184 1043 1101 1361 15191678 1837 1996 3154 3 13 10 4
wswmfimwwQOmew

0 Μο0088οη888οώε80000
wowfflfflm7mfflmwfflffimw
8041 8198 8355 8511 8668 815 8981 Ἴ

*offwwfffflmwafflMwQ⁰-ss³
114486 οῗΞῗ 04ξέ 90ξὲ 33⁷² ἓξὲξ 103} 2⁶22} ἓξὲξ 65)Ζέ ῗξέξ N

9⁶07 973 9989 0075 ⁰2¹ 0337 0543 0699 0354 ¹0¹0
30 8131166 111 1477 1673 178 1943 1099 1154 1409 1564
40 27²0 275 363ο 385 3999 3994 3149 3309 3959 4583 4533) 3Ξ
sofflwww4swmm½u⁶sffl

47 0 5810 5964 6118 6171 6416 6580 6733 6887 7041 7194 7548 50
7548 7501 7654 7808 7961 8114 8167 8411 85748 717 79 40
8140406 6538 6311666 083 86663 1166 6ΞΞ698 6666 6603 3633 6366 {g
1917 1079 1131 181 1539 1686137 1989 314043 ,91 3443 10

3443 3594 3745 396 404 4899 435Ο 4508 4685 4308 4953 012

’81007800800001
01οῃ03ἤῶο1εψοηοψο
0οΉ00οωωηψο1ὼ41400
40815094 1091 1141 189 1538 16661635 1963 1131 110 141 10
50 141 1576 1714 1 13010 3168 316 464 311 370 3907 01
6 8 1138 1

ωοψωημψωῇμψωψο
20 88885541 58 324¹ 5¹4 4714 48755 444 5558 858
wwdffiffmmwwmoww

9776 9911 0067 511 59 550 5650 5795 5940 7086111 10
50 8161131 1376 1511 1666 <Ru 1956 1101 1146 1391515 36 61681 010

688888844441

 

 

