01 1270 1275 1279 1284 1288 1193 1197 130111396 1310
02 1315 1319 1314 1318 1331 1337 1341 134671359 1355
wwfflwwmfflwww

Qmwffffwmwwmww
ἓξ ”11321233 1331 {30} {313 :232133313133223 ῗζξέ

wwwwwwfflwww
1 0 185 1589 1594 1598 1693 1897 1611 1616 1619
99 ,1815 1819 1634 1638 1641 1647 1651 1656 1669 1665

,ΙΨ-671700 ἱοὲᾞ

uwfflmwwmwwwws
ussfflmmwsswwww.
13 1891 1 1811 18 810 181411818 1833 1837 1841 ζ7 ‘¹²3

14 1846 1850 1855 1859 1864 186811873 1877 1881 1886 3713
991899 1895 1899 1994 1998 1911 1917 1911 1916 1939 4 20
Ι935 Ι939 1943 1948 1951 1957 1961 1966 1979 1974 5¹ 25

1979 1983 1988 1991 1996 1991 1995 1919 1914 1919 ⁶ 3·0
2023 1017 1931 1936 1941 1945 1959 1954 1958 1963
19 1967 1071 1076 1981 1985 1989 1994 1998 1193 1197 ·

--——m——--—w

151

991111 111671119 1115 1119 1134 1138 1141 1147 1151

——u———n—--——.-—-———-—-..— ..—

21 1156 1169 1165 1169 1173 1178 1181 1187 1191 1196
11 1199 1194 1199 1113 111 1111 1116 1131 1135 1149
1144 1149 1153 1157 1161 1166 1171 1175 1189 1184

1188 1193 1197 1391 1396 1319 1315 1319 1314 1318
wwnmwmwmmwmfflw
2377 131 1386 1399 1394 1399 1493 1498 1411 1417

1411 1415 2430 1434 1439 1443 1447 1451 1456 1461

1465 1479 1474 1478 143 1487 1491 1496 1599 1595
-jffimmmmmwssvwsswwssw
9fflffiQfflwmwwwffimwffiw

31 1593 1601 1697 1611 1615 1619 1614 1619 1633 1637 4
32 1641 1646 1631 1655 1669 1664 1668 1673 1677 1681 17 9.4
33 1686 1699 1693 2⁶99 2704 2708 21¹3 1717 1711 1716 1. o.8

2730 1735 179 174 1748 1751 1757 161 1

ΜᾞΜΜΜΜΜΛΜΉΗῧ

2 2.0

19 113 1817 1831 1836 1841 1845 1849 1854 1858 77214
1863 1867 1871 1876 1889 1885 1889 1894 1898 1991 7718

1907 1911 1916 1919 1914 1939 1933 1938 1941 1947 87 31
Δῃψψψψωμψψψψ1ψ
3000 3004 3098 3013 3017 3911 3016 3030 3935

wwwwwfflfflwmm
3083 3088 3991 3997 3191 3195 3119 3114 3119 3113
3117 3131 3136 3141 3145 3159 3154 3158 3163 3167
3171 3176 3189 3185 3189 3194 3198 3191 3107 3111
4fflwwmffimwmwwm
4 mmmmmfflfflwmffl

wfflmmmfflwmwm
umwfflfflmmmmffl
wmmwmmmwmfflw

&mmmmmmwwfflww

- 9899”-- 2⁰ 43¹ 19” 98000'‘= 17ο 13’ 19”
9819 = 2 43 39 98199 = 17 15 0
113190 ffw=wffiw
ψψεηηο ffw=nfflw
„ 9w=2u0 9w=ww0

Q

 

 

 

