76
4 7.6
4 150
3 448
4 304

380

45-6

7777

9664

· 43·
qma] οο ΑῙῑῇ

⁰

9 9465935 ⁶ 9465349 9594669 9969596 ⁶ 0 8]
99 9466994 ⁹ 9465494 ⁷⁵ 9594566 99695 59
99 9466944 33 9465499 ζξ 9594599 9969593 Ξ 49
39 9466949 77 9465565 77 959445 9969544 7 49 ·
49 9466999 9465649 95944 9969549 20
59 9466969 33 9465495 73 9594965 9969564 Ξ 99 5
1 0 9466446 77 9465499 77 9594999 9969556 7 9 69
99 9466494 9465666 9594944 9969559 59
99 9466466 99 9465949 ⁷⁵ 959499 996954 ⁶ 49
39 9466955 33 9466996 73 959394 996953 Ξ 49 ³
49 9466 94 7 9466979 75 9594996 9969539 ²0
59 9466699 79 946694 9594634 9969595 Ξ 99
2 0 9466764 79 9486444 7⁵ 0543758 9980549 6 0 587
40 9466830 77 9486347 ⁷} 0.51368 9980ςὲ 50 ,
99 946666 946649 9594 99695 7 40
39 9466974 ⁶⁹ 9466494 ⁷⁵ 9593534 9969599 ⁶ 30 9
40 9464936 63 9466544 ⁷⁶ 959444 996944 7 οο
59 9464994 ⁶ 9466696 ⁷⁵ 959449 9969494 ξ ιο

..-..... *75—

. 3994649457 9466694779594ΛΜ697 9 57

ἶ 69-9-’7996-97-54-999-99999

ζ ¹ 10 94694

-————

90 9464949 ⁶8 946666 9593939 9969444 5ο ,¹
20 9464399 946674 ⁷⁵ 959494 994957 7 40
39 9464447 39 9466997 ζζ 959 9 9969469 ξ 3ο
67644344764ὣ85565644
*Zffigffifflss-fflssfflssssssssssssffi ,ἰ ⁵⁶
²0 9464499 63 946499 ⁷⁵ 9599494 996940 ⁶ 40 ’
60 9464 99 ⁶ 9464367 ⁷⁵ 9599639 9969499 Ξ 3ο 7
40 9464757 39 946444 ⁷⁵ 959944 9969496 ιο 7
⁵0 946499 73 946459 ⁷⁵ 959949 9969499 7 ιο

...- 45- 6

⁵0Q9Q75ffl⁹0⁸040³7005

10 9466965 77 9464666 9599449 9969396 7 ςο
99 9466943 7 9464747 g} 959994 99694 4ο
30 9468404 62 9.4871 0·5¹²¹2 998033 Ξ 30
40 9466949 77 9464697 75 9599994 9969344 7 20
59 9466336 946496 9599939 9969349 ιο

⁶⁹ ξ 9599954 4969464 ξ ο
40 9468475 6 9488448 75 0.511882 9332853357 6 50
44 457444 6 4454444 4 44444 44444 ⁷ 7
49 9466669 23 9466447 ζξ 9599674 9969346 ξ οο
5ο 9468749 ⁶8 9.48841 0.51152 9980334 10

7 ο 9468847 6 Qq-z- ἔξ 0544508 ὡς* ⁶ 0
10 9468886 63 9488567 0544439 9980348 7
²0 9466954 77 9466649 75 959937 79969499 7 40
³0 9469999 9466494 75 959993 9969496 3ο
49 9469999 73 9466499 75 0-511203 9969999 ζ 20
50 9469959 77 9466666 75 9599944 9969993 ιο

8 ⁰Q69W⁷⁵WWZ 0

75---

6 9489046 0440984 9980480 50
²0 9469474 2} 946 9 75 959 9969944 g 49
60 9469449 946996 ⁷⁵ 0510 44 9969964 3ο
40 9469500 ⁶3 9489440 74 0540760 9980460 7 20
59 9469569 23 9469495 75 9599665 9969954 ⁶ ιο

---45------4

: 9 ⁰Q58Q90 &pomo-Q&6 0 51

{g 9469495 77 9469465 {i 9599545 9969949 7 59
ο 9739775 9 91397ῗὲ 45 ἓῑξξὲζὲἒ 3:333333 ⁶ ⁴3
30 3363990 99 97489689 75 0540344 9980444 7 {0
⁵0 9469946 2} 9469463 77 9599934 94995 ξ 99

10 0 9449946 9469646 9599969 9969996 9 50

, Efflffl. A

42·

 

 

