18

. .
' nmnmffilm ” ’

10 9 9595954 ⁶2 9596999 70 Q 9996559 7 9 006
Ι 99 9595996 66 9596699 66 96496596 9996596 59
f 5 99999 4 95 5 4 9 9955, 6 5 ψ
59554 66959 6 499999995 5 4
49 9595465 66 9596969 66 9499999 99965 ζ 99
59 9595545 66 9599949 66 9499959 999645 6 99
4¹ 9595696 66 9599999 669499669 996469 6 9 10
90 9505670 66 9599988 ⁶9 0470899 9476489 7 5ο
99 9595959 66 9599959 66 9493645 997645 6 ⁴2 7
59 959594 66 9599595 66 3496656 96996461 6 {0
40 9595 59 66 959956 66 ο490 99964 60
59 9595999 6 959945 66 49 555 999 454 ζ
12 9 9595969 66 9599555 66 9499465 9996446 7 0 18
99 95 gg 66 9599694 66 9453556 9996459 7 59 7
99 95969 66 9599695 6 94959 9996459 49 1
50 9506968 66 9499 45 Ζ 0470966 9476495 7 50
40 9.50623o 95 12 9 04709 997649 7 90

50 Q g} 9599889 32 ΨΜ ζ 90

13 9 ,9596554- 66 9599959 66 3459345, 9996494 6 9 17
90 9506496 9550090 0469980 9976536 .7 {g

99 9596496 2² 9559965 9469699 99965
50 9506649 6} 9.53015 ⁶3 0469 49 95596589 7 5ο 7
40 9506 03 66 9550998 7 0469779 95556566 7 90 6

ΨΜωᾳ-ἓὲΗῖΞ-ῚΞΣΗΖἎΞ Ῑέ 66

ζ 14 9 9596999 66 9559566 66 9469654 9996569 6
“99 9596569 66 9559455 9469565 9996554 59 3
20 9596 59 9559594 ⁶⁹ 9469496 9996549 ζ 40
59 596995 ⁶² 9559 94 ⁷⁰ 9469496 999655 59
49 3596995 2² 9-55 45 ⁶⁹ 946959 9996552 ⁷ 20
59 9599959 66 9559999 23 0409238 9996595 ζ 99
15 9 9599999 66 9559969 66 9469999 9996596 9 15 ³
10 9599969 66 9559659 6 94699 9 9996599 59
²⁰ ⁹:⁵⁰⁷²}³ ⁶2 ⁹:⁵³⁰·⁹}⁰ 69 84885 ⁹·⁹⁷2³ 6 ⁴⁰ ς
· ³⁰ ⁹.⁵⁰⁷²43 ⁶2 86ῗὲςὲ 99 01⁶3 42 ⁹:⁹⁷⁶}ss ⁷ {3
ἒξ 323773409 2} 3559999 2¹7³ 0468373 73976963 ζ 10
· 0 ,07479 . 996 04688 ,769 0 ’
’ 46 10 3799555 2} 3531225 ἓξ 94669ζέ 797969ἔὲ ⁷ 59 u
99 9599595 9559554 66 946666 9996969 ⁷ 49 ss
59 9599659 9559495 66 94666599 9996956 g 59
49 9599999 9559495 6 94 596 999 94 20

50 Q 66 9555549- ⁶3 046845 9976959 7 90 ³

47 0 9507845 66 9459699 ⁶9 0468589 94576959 ζ ο 13
10 9-507905 66 9559680 66 0468590 9976996 6 50 6
9 9959 4 9999 4 9999 0²¹2 ⁷ ⁴⁰

30 95 ² 66 953Η 6 4 98766Ῑ g 30

40 9596999 66 9559669 63 9466995 9996995 7 99

59 9596959 9559956 6 9466944 999699 99

48 9 9596994 {7²7 9559995 ⁶7 ,9469995 9996969 ζ 9 12
. 10 9.508276 66 9559024 0467306 9976989 6 50
20 9596556 66 955995 946959 9996996 49
30 9.508400 66 9559959 6 0467668 997696 ὅ 0
49 9596469 66 9559599 ⁶⁹ 9469 99 9996969 20

³70 59 Q 66 9559599 63 Q 9996955 7 99

4 44 49 0Q⁶255234³2⁶9QQ3 9 ¹¹
49 99 9596649 66 9559596 66 9469499 9996959 7 59
9556 99 9596999 66 9559997 66 9469495 9996959 40
59 95666969 66 95555 66 9469564 999635 ζ {g

gg 3.ἒο8834 2: ‹3332382 29 0263212 3:33611475 7 90

50 9 9596956 9559655 ⁹ 9469949 ’977ῐῆ7 9 10

. ,, “lm-HE. 1
81·

 

 

5910

 

