09Μ46μΨΫΨῬΨΨἭΜΙ

40 ἑξ8805854510 885 5948 5954 5984 ⁶01· (ηι5 6084 644586448 6484 50
Μαψ89Μω.7ὠψψψΜωω

3⁰0 ⁷W⁶⁶g⁷⁴⁰⁷0902⁴0⁶2⁶9333271³222

97uwwvmwfflwmm9⁹mw
sommmsswmzsfflfflsm &mom

41 0 108758558152 7852¹ 5885 5947 5950 59555 (83045 5048 55555 5555 5-446 50
mm& mmffiffssfflm 8mss
4787 MQWQ2QW¹ mwfflw
φ mwwwwfflwQOwm
50 mmw½m1mw wmr7m

9458

ΰϋψὼὼὼψψᾙωψωῦιῳ

ιο 88404 0455 0468 0400 045 0465 0550 595 70595 40
00 00 0000 4000300336 004083 00344 7007οΞ3
wmmwss zm Q³mw
40 407 ιιιο 4445 4475 4407 4440 4474 4505 457 4570 4404 40
50 4404 4455 4467 4499 4554 456-4- 45974 494 4 4694 4746 057

43 ο 88447467 5559 4794 4855216 486 1888 4944 4955 4986 4048 40508 50
274 3οξ 37ιο0 204 :²33 {²⁴ :333 {3⁹ ’(3 ζ 0 33
698 4750 45Ξ4 479 47 469 4894 4944 495 4989 5044 40

3344 3370 366406 3448 3473 3505 353 3570 3000 3035 37 7046

-ι- —u— ————

MfflwwwmwMfflQmmmw
40 5989 4044 4054 40864448 4454 4485 4445 4447 4479 46014541

4nmmwm'mfflm4w 477
u 4mww2muvmm⁶w
MNJWWWSWVMMQWWQ
memmmwwm½⁶⁶mmw

45 0 8815599 ’56ἷῖξῖ58757 5555555555775 5874 58556208 5888 5777 50 1

¹¹ ⁹²⁰ 58333 853666 ⁶3³7 ⁶3⁶9i⁶40¹ 7333 7636 77477 76763 ⁶⁶1 638 ³
50 6564 6595 664 6655 6689 6744 6755 6785 6848 6650 684 40

684 6944 69466 6978 7010 7044 7074 7406 7458 7470 7404 40 5

7000 70347000 7090 7330 7300 7394 7400 7450 7490 7500 0445

ffifflwmffifflfflffiffiwwffl

73 905 937 99 =

6463 6495 6445 64576 485 8540 8554 8584 8446 6646466 8480 50
30038 33 333 33 33 33 33 33 330 38 1
96898508 9¹82 9083 9045 9077 9309 9348 9373 9404 9430 043

mfflwfflww9wwwwmwmw
¹0 9755 97009 80 9509 900 9984 995 9977 0009 0048 0073 40
40 8840075 0404 6456 0468 0400 0454 045 04950 47 5 0590 50 1
30 0590 0444 0454 0586 0548 ο559 0584 0645 45 667086 ’
40 0708 0740 0754 005 0
50 1025 4057 ιο

35 095 0930 0900 0994 8005 80 ἰ
9 4444 4454 4484 444 4447 4479 4544 4545 042

48 ο 8844 45 4574 4406 4458 446404 455 64 4596 4648 465
40 4654694 4745 4754 4786 3486 446 4684 4945 4944 4976 40 ξ
40 4976 4008 4059 4054 4405 4454 446 4498 4449 4464 4494 50 ,

5ο 4494 444 456 7 4449 4454 4484 444 445 477 4609 40 ,

40 4609 4640 465466 4705 4755 4767 4798 84650 464 495 4945 10

wzmwmwwffmwmmmwm

wfflmwffwwwfflwmfflgfflffss
ωψωωψώψ7ᾞψ4ωη
ωᾛῇψᾌᾞωιψᾞωᾟιο
wss⁴w⁴ffffiwfflffiffl⁰ssss
ssffifflfflfflfflhffimemmsswm

 

’ 47 7 775 Ι’7 757 4Ἰ7ι””’57

 

