,0 ι
q , .
ψ 1.1 ΙΙΙΙΕΙΙΕΕΙΙΙΙΕΙΙΗ

ὀῐψψῳψψψῳψψω
180888888888

ummwwmwwfflffiffl
WQWWMQQQQQQ

QQWQQQQWWQW
QQQQQQQQQQQ

wffifflmmwwwwmmm

...........-„..-.. -.-....--..

, 11 0068 0033 0038 0083 0088 0093 0098 0103 0108 0113 5
³ 12 0118 0113 0118 013 018 0143 0148 0133 0138 0163

13 0168 0133 0138 013 0188 0193 0198 0103 0108 0113 ¹ ⁰¹5 1

“14 0118 0013 0118 0133 0193 0141 0143 0131 0033 0160 3 83
’ 13 940163 0131 0133 01 013 0091 0193 0301 0303 0311 4 10
¹⁶ 03¹7 032² 0307 0380 0387 0340 0347 0330 0357 0300 ἓ 32 7

:gwwwfflwwwwww35

fwwwwwwwwwwg

. Qfflmwffffwwwwwffl

21 3366 0331 036 9981 086 0391 9996 0601 0606 0611
Zssffiffifflfflfflfflfffflfflffi

&WWWWWWWQ
,8088 88801830888110310

4 ,

31 1114111 1114111 11411 1144 11 1134113 104
33 1163 1168 1133 113 1183 1188 1193 1¹9 1113 1208 1 (1.8

34 1113 1018 1103 1018 1033 1181143 1148 1133 1138 4 1¹⁶
35 941163 1168 1133 1138 10 3 118 1193 1198 1303 1308 '20

1 ψμωψμωψμψψυψωυψῦ,

1Ξέ -

311

3ἶ6

41 16116613113618118619119616011606
40 ἐξ 1Ξέ6 1Ξ1ὲ 1Ξ16 1Ξ91 9Ξ96 1Ξ41 1Ξ46 1631 1636

11110 10110010
:i 1ιέ 1818 101⁷} 181ἰί 1⁷⁵0 1⁷⁵}
4 941601631301·331801319019318001803
48 1809 1814 1819 1814 1809 1834 1839 1844 1849 1834
:g 1839 1864 1869 1834 1839 1884 1889 1894 1ξ99 1904

18888888808

 

 

87oen= 2,ο 251 Ο11 &Qu-‘- 240101 Ο11
8710 = 1 03 10 83100 = ²4 11 40
831οε10310 83100εο41310
1112ῑέῑὲἰὲ 818ῑέ111

7
Ι

 

 

