‘—'¹‘'!

w‘stwwwwfflwwwww

0 08918800 8840 8881 8911 8961 9001 9041 9081 9111 9161 9101 90. ἷ
36838368 38388 36² 1118441110 811

908910004 0044 0044 0114 0144 0104 01440184 0914 0964 0404 20
8 669223323329690293223223222‘3‘259

· 1 0 8911104 1144 1184 1914 1964 119441484 1914 1969 1609 90
10 1609 1649 1689 1919 1969 1 9 149 189 1919961φ 1 1001 40

10 1001 1041 1081 1111 1161 1101 1141 1181 1911 1961 1401 90
1401 1 1981 1910 1960 1600 1640 1680 1910 1999 1999 10
109ψᾚψψΜΜΜΜΉΜω
1191 1111 1111111 11161196141614159-515 1511 1591 158

mmwmmmmmfflwmwww
³⁹33 88 86 88 88 88181188 88 232 8
ὧὼὼψωωωμψωψω
ωψψωωψψψω6ωωω
mwmfflmemummewwz

3 0 8919910Ξῖοᾗ 1 6130 6190 6109 6149 6188 6918 6969 90 9

09696 66444 60009 6919 6964 6604 6649 6689 6911 6961 40 ζ
6961 6 1 641 6880 6919 6999 6998 909 9099 9119, 9196 90 ¹
7750 775 7735 7444 7374 7353 7347 737 7477 7570 7550 70 j
{33:3³ ’4-ξέ 00100 90⁶1 9939 004171 0199 0119 0190-9- 0004 ,

—n—-u—--n-——L

0 8728337 8996 8409 894 848 998991 8611 8691
010 8919 8969 8 047 0000 0000905 9004904
9111 9161 9111 91419119 9116 915191969910 9915 951

79553 957 9037 9077 9770 9749 9709077 2004
9949 994 0019 0061 0101 0141 0180 0119 0190

50 0730797 033 0375 0475 0454 0493 0537 0577 0070 0049 00 055

10 169108 1949 196 1619 1664 1909 1941 191 1810 1899 90

90 10991198 1999 1996 1019 1094 9 1191 1111110 114910
8 2332 81ἓί3ῗέ 88 88 68 2⁷3 8ῗέ {349⁵ 2⁹ ³²9⁷ 0⁵⁴

ῌ-ι-α ι--ι- *-

δοωψψψωμὼωψημὼψψφ
10 1416141114991199111116191649166111611611614
1ἪΜ109Μ9ΜΜῌῊἯΨο

5 ο 8730688 0919 0966 0809 0849 0884 0919 0961 1001 1040 149940 90 0
10 1099 111 1199 11961199 1194 1919 1991 1941 1490 1

zowwmqussfflwfflwmw
φ wfflwm⁶ wmu2dnwgm4w
,0 wmwmwssmemmmwffl

JMQWfflffiffmfflmmssmfflsswmw
90 116140779 0691οέ 0141 6105 00139 0008 631269 99 6499 6101 gg
90 611 6991 6989 6618 6666 6909 6949 691 6810 6899 6 8 10
φ ⁶mewmmmwmmmw·
sovw7wnnwmmsswwmwwffl0ffl

0701618011 ’18170 8771717111 ⁵⁰
10 8496 8494 84οΞ 8ἔ90 8ἔ90 8808 8066 80121Ῑ ⁸999 8οΞ 43 40
30 8810 8898 8 98999 8999 9011 9090 908 9119 916 9109
40 974 9447 97 0 93¹1 9357 939 94348 9477 970 954 950
⁵0½9mmwwwwwmmwm

“- ⁹Wmmww
{g 8740οΞ4 (010001) 08ιὲ 0848 0000 3343 99⁶} ‘1³39 ί1016100 10909 00Ξῖ {g 0
90 1119 1194 1191 1190 1168 1981944 198111401 14991494101
ssmffiffifflfflfflffiffifflfflffh-

44144Μ141441
Q

1 8810 90

 

 

