40 0 3600666 44 3343333 44 0030643 3633333 ,4 0 2]1

00 3600300 3343336 0030604 3633306 30 1

00 3600336 ²⁴ 33434446ὶ 46 0030360 3633036 {⁸ 40 6 ,
30 3600394 66 33434 46 0030300 3633033 6 30

-6 64 3343303 46 0030433 3633060 66 00

{3 3343363 2} 0030433 3633040 ¹
10 3600634 ²⁴ 66446608) ⁴² 0030330 3633004 ⁹ 30 ·
30 9833878 64 9949693 46 0050508 987538 69 40 =
30 3600300 66 3343333 46 0030063 36330 ¹3 30 3
40 360030 ,ζ4 3343433 46 0030003 3633046 ζ 00
50 98339 3 9949 39 42 0050383 9875339 9 30
42 0 3600330 ²⁴ 3343660 ⁴³

-- 42 ---- 03

3600336 {⁴ 3343304 0030036, 3633030 44 30
²0 3603003 6 3343343 46 0030033 3633033 40
30 3603043 ²⁴ 3343363 46 0030000 3633034 66 30
40 3603063 ζ4 3330030 46 0043369 363303 {⁹ 00 1
30 3603030 44 3330034 46 004330 363300 00

43 0 9835334 2 W 4² 0049884 9873998 0 Π .

-—- -—43-·-·-·—-¹0

3603093 3330033 0043640 3630333 30

· ²0 360300 64 3330000 46 0043333 3630360 66 40

36034469 ζ4 3330043 46 0043333 3630340 {2 30 4 4

40 9835 3 9950386 43 0049734 9873935 30
9835353 64 9950538 46 0049673 9873904 69 30

-03--43---03

Q 3330330 0043603 3630663 016

04--40-----03

3603033 3330403 0043363 3630666 30
²0 360330 64 333043 46 0043343 3630643 ¹3 40 ,
30 983553 63 995049 43 0049503 9873839 ¹ 50 ,
40 9835550 64 9950540 46 0049460 9873830 69 30 v

9835575 {2 Q ἒς 0049438 9873793 :5⁹3 10

3330603 0043333 3630330 9 0 15 4

10 3603400 :⁴ 3330663 ⁴² 0043333 3630333 ¹3 30

3603444 46 3330300 46 0043030 3630333 ¹ 40
30 360346 ⁴ 3330330 46 0043046 3630306 ¹⁹ 30
40 3603430 {³ 333 34 46 0043406 3630633 {⁹ 20
so 3603303 44 333 33 46 0043063 3630636 ⁴ 10

· 46 0 ,3803333 ⁴ 3330633 ⁴² 0043000 3630633 ¹⁹ 0 14
10 9835563 ²³ 9950933 4² 004907 9873643 ¹⁸ 50
20 9835 86 64 9950964 43 004 56 9873633 69 40

9835 ²3 9·95¹00⁶ 46 004 994 9873605 69 30 fi
40 9835659 64 9953049 43 0048953 9873584 69 20 ,
50 843363 66 3330030 46 0046303 3630363 ¹3 10

---43-----3

1 43 0 9323ffi ²⁴ 3330033 0046663 3630343 0 13

-04-43-----03

10 3603304 3330036 0046604 3630306 30
20 3603303 66 3330006 46 0046360 3630303 ¹⁹ 40
30 3603330 64 3330060 43 0046333 3630430 ¹⁹ 30
40 3603334 66 3330303 46 0046633 3630430 66 20
50 9·⁸2579 64 3330343 46 0046633 3630430 6463 10 ·

—--—-23 --45

48 0 3603600 3330366 <W 4-872434 0 12

——24—-42--——15

ιο 3403444 44 3330430 44 0046330 3630449 4 30
20 434, 4 4ςο33 4 33336 4303. 6 ⁴0
66 6606363 66 3331353 46 0046446 664044 ¹ 63

3603333 ξ 3330 00 2} 0046400 3630340 ζ 00
3603363 23 3330640 44 0046336 3630300 ,4

10 9835986 9953684 0048536 9873503 50
’ 3604000 ζ4 3330303 ⁴} 0046033 3630063 {⁹ 40
30 ⁹13²⁴⁰³³ 44 3330463 44 004ξο40 3430064 43 30
40 ⁹²⁴⁰ss‹72 44 3330 00 44 0040 330043 4 00
50 Ι98340 24 9953854 004834 9873336 g 10

——42 ...-........-.....

9834304 9953896 40048304 9873308 010

 

-,9

0050358 9875000 018 Ι

—......-.1

 

 

 

