32⁰
.m.„

0 0 9.724210 9999989 47 ΨΜ 13 0 ⁶⁰ss

10 9994949 ³³ 9999846 9994964 9998499 99 ¹
99 9994999 44 999989 47 9994999 99989 44 49
99 9994999 44 9999999 47 9994999 999899 44 99 4
49 9994944 44 9999999 44 9994999 9998968 {³ 99
99 9994998, 44 999 9 4 9999999 9998999 4 99 ‚
1 0 9994499 44 9996999 444 9999999 9998949 ¹³ 0 59
10 9.724445 33 9996999 44 090588 9998398 44 50
99 9994499 44 9996964 47 999984 9998999 44 49
30 999459 34 9996999 47 0903939 9998309 43 30 i
40 9994543 33 9996958 47 0903949 9998989 43 90

50 Q {2 'Q 23 0903696 -9998-99- 43 10

2 9 9994694 9996999 9999649 9998969 ¹³ 0 68
99 9994649 ³³ 9996998 44 9999699 999894 44 99
99 9994689 44 9996449 47 999999 9998994 44 49
99 9994995 44 9996499 47 9999994 9998999 44 99 ·
49 999494 44 9996999 47 9999469 9998999 44 99
50 9994989 34 9996585 4⁶ 0903495 9998999 43 10 4

. 8 9 9994896 44 9996699 44 9999968 9998989 44 9 57

--·33-·-47 ·“··““““·43

10 9.72489 999669 0903399 9998990 50 9
99 9994849 44 9996994 47 9999994 9998999 44 40 ’
0 .2417 34 ,96347 09099 ,989 43 0
370 3494350 33 393633 4⁶ 0903983 33989334 43 {o
50 9994984 34 9996863 47 0903934 9998998 43 10

4 -“33“·“““““47““-·““““’··“44

9 9999999 77 9996999 77 9999989 9998994 77 9 56
99 9999999 77 9994969 77 9999949 999499797 77 99 ’
99 999999 9999999 9999999 999 99 49 ,

 

99 999999 44 9999999 44 9999949 9998969 44 99 ¹
40 9995959 34 9999900 47 0909999 9998059 43 90

50 999595 33 9999949 47 0909 0998038 44 10

---4——47———13

5 0 9.725219 9999994 0909806 9998095 0 55

10 99999 ³⁴ 9999949 ⁴⁷ 9999999 9998999 ¹ 50
20 99999 44 9999989 4⁶ 9999999 99999 ¹³ 49 4
9ο 9999999 44 9999994 47 9999666 999996 ¹³ 9ο 7
49 999999 44 999999 47 9999699 9999999 44 20
30 9999949 44 9999498 47 9999999 9999999 {³ 10
6 0 9999499 9999494 9999996 9999946 ¹} 0 54

10 9·7²544 ³⁴ 9999999 44 9999499 9999999 so 1
99 9999 8 44 9997468 44 4444444 9999999. ¹³ 40
99 9999999 {2 9999 99 47 999999 9999 {⁴ 30
40 9999999 9999669 7 999999 9999 9 4 20 ,
99 99999 44 9999998 4 9999999 99998 44 ιο 4
7 ο 0995699 34 9999955 1} 0909945 9999869 ¹3 0 53
99 9999699 ³³ 9999899 9999998 9999899 4 ςο
99 999969 44 9999849 47 9999999 9999849 44 40
30 9995999 33 9999895 4 0909905 9999899 ¹3 30 3
49 9999996 44 9999949 47 999999 9999894 ¹³ 20 9
99 999999 44 9999989 47 9999999 ,999899 44 10 3

8 9 79743447- ³⁴ 9798996 44 -9-99-99-64, 9999989 44 o 52

---5-33-—-4⁶ ---99

99 999989 9994989 9999998 9999994 50 3
20 9.725890 34 999899 47 0909 71 9999969 ¹3 40 J
99 9999999 ³³ 9998994 47 9999894 9999948 44 30 7
40 9999999 4474 9994999 47 9999999 9999994 44 20 ὲ
99 9999999 77 99999 77 9999999 9999999 10 4

ζ ·9 9 9996994 9998996 ,Ἢ9684 W ¹³ 0 51

--33·-·-·-47 -—--13

99 9996999 9998949 7 9999699 999969 99
99 9996999 {3 9998499 47 9999999 999969 {⁴ 40
30 9996994 999845 0909544 9999668 3 30
49 9996998 44 9998999 47 9999499 9999699 ¹³ ²0 ¹
5ο 9996999 33 9998550 47 0909450 9999649 ¹3 10

--··34

10 0 9996995 W 0909404 W ¹3 0 50

mul-..nn , 4
674

 

 

