· 27¹
amn-mm&

Ι

40 0 9666894 40 fflffl. μ 0980445 .
90 9666864 9799606 0980394 9947958 50 ’
99 9666994 60 979965 51 9969747 9947947 ¹¹ 40 -
30 9.666944 40 97997 51 0980999 9947936 11 30 ¹
40 9666984 40 9799760 5} o.280240 9.947225 3 90 ³
50 9667095 41 9799 99 5 0980989 9947994 u 10

41 0 9667065 40 9799869 55 0980938 9947903 0 49
99 fflos‘ 10 9799997 55 9969967 9947979 55 59 J
90 9667945 40 9799964 51 098006 994799 ¹¹ 40 7
30 9667985 40 9790096 52 097994 9947970 11 30 7
49 9667995 60 979996 ⁵¹ 9-979 7 9947956 ¹² ²0
50 9667965 40 9790995 51 0979559 9947947 11 90 ,
42 9 9667795 40 9799969 ⁵¹ 9979679 9947976 55 9 18

¹ 10 9667396 45 9790990 55 0979780 9947995 55 50 7

99 966776 60 9799979 ⁵¹ 99797 9947994 ¹¹ 40

79 9667496 60 9799799 ⁵¹ 997967 9947997 ¹¹ 70 ζ

40 9667466 40 9790374 52 0979696 9947999 ¹¹ 90 9

59 9667596 60 9799495 ⁵¹ 9-979575 9947 9 ¹¹ 99

—1

43 9 9667546 440 9799476 55 9979594 9947979 n 0 177
10 9667766 40 9799597 {¹ 9979477 9947957 n 59
99 9667 96 979957 9979499 994794 49 2
30 9667666 60 9799699 ⁵¹ 0279371 9947977 3 79 3
40 9667706 40 9790680 51 0979390 994709 ,90 7
59 969-7749, 60 9799779 ⁵² 9979966 9947995 ¹¹ 10 3
44 0 4647796 10 4799797 ⁵ 027017 9=947004 {1 ο 16

99 ’96676ἷῖ 40 ’9799Τ4 5 9979966 994697 59 1

 

⁵¹ 9979964 9946979 ¹² 79
49 9667946 60 979991 ⁵¹ 9-97 97 994675 11 ²0 · ,
50 9667986 4115 979903 51 097 969 994694 ¹¹ 10 6

—1-——11

45 0 Q 9799089 1 0978999 9946937

—-— -—--—-11

10 9668067 9799940 0978860 9946996 50 ,
20 9668907 40 9799999 51 0978809 9946995 11 4ο ἦ
70 9666947 60 9799947 ⁵² ο976757 9946 ¹¹ 30 7
40 9668987 40 9799994 51 0978706 9946 93 3 20 1
ςο 9666997 60 9799745 ⁵¹ 9976655 994669 ιο 7

...ι-..-

79 9667996 60 97999

99 9667666 60 9799619 ⁵¹ ο979995 9946959 ¹¹ 40

,668967 40 9799396 5 .
10 30⁵3& ⁴⁰ 9799447 ⁵¹ 0278554 9946669 ¹¹ 59
20 9666747 60 979949 ⁵¹ 9976599 9946649 ¹¹ 49
30 9666766 65 9799549 ⁵¹ 9976459 9946677 11 79 3
40 9668496 40 9799600 51 0978400 9946896 11 90
50 9668466 40 9799659 51 0978349 9946895 11 90 ’
ζ 47 0 9668506 40 9799709 55 0978998 9946804 55 0
10 9666546 10 9799757 55 ’9976947 9946777 ¹¹ 59
20 9668586 40 9799804 51 0978996 994679 11 40 3
30 9668 96 40 9799855 51 0978945 9946779 ¹¹ 30 ¹
40 9668666 40 9799906 51 0978094 9946760 -11 90 7
50 9666796 60 9799957 ⁵¹ 0.278043 9·94⁶749 ¹¹ 10 ι
48 0 9666746 40 9799999 ⁵² 9977999 9946776 55 9 11
10 9668786 510 9799060 55 0977 9946796 55 50 3
20 9668896 40 9799999 51 0977 9946795 11 4ο ζ
30 9668866 4⁰ 9799969 51 0977895 9946704 11 50 j
40 9666996 60 9799997 ⁵¹ 9-97777 9946677 11 99 7
50 9668946 4⁰ 9799964 51 0977736 994669 90

----59-----99

49 0 9666966 ⁴⁰ 9799797 9977665 9946679 9 11
10 9669096 4⁰ 9799366 55 097764 9946660 55 50
9ο 9669965 55 979949 51 9«977557 994664 11 49
30 9669905 60 9799465 51 097759 9946635 11 30
40 9669945 60 9799599 51 9977 9 9946697 11 99 ,
59 9669965 60 9799579 51 9977479 9946695 ¹² 10

50 0 9669995 510 9799699 ⁵¹ *0077—379'W 55 9 10

11

 

 

