4

8.
ἒ nun-mmm&

Q
mbfflufflssffifflffl ·.9893005 ο ω
¹0 9949 9999 9 96499 9999999 99

²0 994994 ⁹⁴ 5551⁵34 ⁹ 9646999 9999999 5 49
99 9949999 ⁹³ 9999999 9 9649999 9999 9 5 50
40 9949999 94 9999999 ⁹⁸ 0045310 9999999 4 20

, 5ο 9349464 93 6649 11 9.989276 5 10
· 41 9 9949999 ⁹⁴ 9999999 8 9649999 9999999 ⁵ 0 19
· 10 9949699 ⁹⁴ 9999999 9 9649699 9999966 ⁵ 50
²0 994949 ⁹³ 9999499 ⁹⁸ ⁰'⁶⁴⁷⁵¹} 9999969 4 49
99 994999 94 9999999 ⁹3 964949 9999999 5 99
49 9949999 ⁹³ 9999 99 ⁹ 9649999 9999999 5 99
99 9949996 94 9999999 9ξ 9649999 9999949 5 99 ,
42 9 9949999 ⁹³ 9999996 98 9649994 9999949 ⁴ 9 18
¹0 9949999 99 9999994 9 9649996 9999999 ⁵ 50
²0 9949996 ⁹⁴ 9999999 ⁹3 0040327 9999999 5 49
· 99 9449999 99 9999999 98 9646 99 999999 5 99
49 994948 ⁹⁴ 9999969 9 9646999 9999994 ⁴ 20

99 ,99499- ⁹⁹ 9999969 ⁹} 9646699, 9999999 5 99
.43 0ffl33ffl54⁴233ffl5585214⁵ 0

10 9949 99 9999 69 9646499 9999999 ⁵ 99

99 99 66 ⁹⁴ 999969 ⁹} 0·⁶40555 9999999 4 40

 

'50 9949999 3} 9999999 38 9646949 9999999 ⁵ 50
40 9·343052 9555 59 9646945 9989995 5 20
⁵0 Q ⁹³ 9999999 ⁹⁸ 9646949 9999999 5 99

’ 99ὀ-594549-ἶῖ99-495-4999999-9999ζ 0 15

¹0 9949999 9994999 8 9649949 9999999 50
²0 994949 99 9994949 98 9649999 9999996 ⁵ 40
99 99499 ⁹} 9994949 38 9649699 9999999 ξ 99
49 9949 99 9 9994449 964999 999999 99

99 Q 3} 9994949 3} 964949 9999969 ξ ¹0
45 9 Q 9994649 88 9649969 9999999 8 9 16

99 9949999 ⁹³ 9994 99 9649969 9999999 99
99 994999 ⁹³ 999 46 ⁹⁸ 9649964 9999949 4 40
99 944499 ⁹³ 9994994 ⁹⁸ 9649966 999994 ⁵ 50
49 9944969 99 9999999 94 964469 999999 ⁵ 99
99 Q ⁹³ 9999999 9 96 99 9999999 5 99
46 9 9944999 ⁹³ 9999999 ⁹⁸ 9644999 9999999 ⁵ 9 14
“ 99 9944449 ⁹³ 9999994 ⁹⁷ 9644696 9999994 ⁴ 99
99 994449 99 9999499 ⁹⁸ 964499 9999999 5 40
99 994494 3} 9999 99 ξ9 9944499 9999994 ξ 99
49 9944 99 9999 99 94499 9999999 99

§0554233555521538QQ4 ¹0

ἶ 17 9 9444999 9999999 9644999 9999999 ⁵ 0 13
99 994999 ⁹³ 99989899 ⁹} 0·⁶44050 9999999 ⁵ 50 ¹
²0 9949 ⁹³ 999 ⁹ 9649 99 999 5 49
50 9949999 ⁹³ 9996999 94 9649 99 999 9 5 99
40 99499 ⁹² 9996999 9 9649999 9999999 ⁴ 99
99 994999 95 9996999 g} 9649999 9999996 ζ 99

Ι 48 9 Μ 9Ξ 9996999 9649699 Q 0 12

{g ⁵³⁴⁵Z⁶¹ {3 9996499 ζζ 9649999 9999966 2 50
9949 94 88 9999999 88 99494998 9999969 8 4989
9 9999 9 999 9 Ο499 9999 s 9
· , 95 , 68 5 ,6 5 5
8 99 9949999 88 999 9 88 949999 999949 8 99
. 49 9 9946994 88 9996999 88 9649999 9999949 8 9 11
9 9499, 4 99999 9 9999 9999 ⁵ 5
, 99 99 4 5
50 9946999 9999994 964999 999999 99
40 554255 3} 9999999 g} 9649699 9999998 ξ 99
99 994 9 88 9999469 88 9649999 999999 4 ¹0
60 9 9946999 9999966 9649494 9999994 9 10

Q-EH f
88.

 

