'”'WWQWWQWWQQWW

30 0 8418068 8148 8229 8509 8590 8470 8550 8651 8711 8791 8872 50
m wwmmmmmwmmmfflww
20 9⁶74 9754 9334 9915 9995 0075 0155 ⁶235 0315 0395 0475 30
30 8410475 0555 0135 0715 0795 0875 0955 1035 1115 1195 ¹274 20
40 1174 1354 1434 1514 1594 1⁶74 1753 1333 1913 1993 1071 10
50 2072 2152 2252 2512 2591 2471 2551 2650 2710 259 2869 029

ΒΜ Qmmwwmfflwmffmw
w Qmffifffflffwmwfflww
0 009009009005-
40 6041 6119 18 6277 6556 455 514 655 672 6751 6850 10
w⁶wwffmwwmmmffimquffi

9618 9996 9775 9854 7952 8011 8090 8168 8247 8525 8404 50
04ἩοοΜᾞΜΜΨΜΜο0

3Ὦ

9115 516 5146 5414 5115 511 5655 5128 5816 51549011 1ο
50 9975 0051 0129 0207 028 0564 0442 0520 0599 0679 0755 20
40 8450755 0855 9911 0989 1069 1145 1224 1502 15 0 145 1556 10

50 -555-6· 1614 92 1770 184 192 2005 2081 2159 2257 2515· 027

2515 2595 2471 2549 2626 2704 2782 2860 2958 5015 5095 50
ΜωψὼμψψωωῊωὝψφ
ψωψωωωψωωψψϋψΜο
4οηὼ9ῃμΐᾞᾞ2ᾛῃωω
gg? {228 65Ξὲ 64Ξ5 6500 6575 6654 2331 683>ss ⁶88}

wwmmmwmwfflw

9752 g 9886 9925 6059 {116 6195 6270 6547 6424 500 40
wwwwwwfflwwwww

514411411111511511111631 151 11114147 10
0797 0874 0950 1026 1105 1179 1255 1552 140 1484 15

1560 1657 1515 1789 1865 1941 2017 2094 2170 2246 2522 50
2522 2598 5474 2550 262 2702 2778 2854 250 5006 5082 40
&mmmmffiwwwmssmfflmo
mewwmmwmmmmww
wmwfflffmfflfflmmmw
mmwfflmmfffflmwwmm

6110 6186 6261 6557 6412 6487 656 6658 671 6789 6864 50
fflwmmmmdwdwmw
616 692 76 842 91 992 606 6142 6217 6292 {368 30
{368 6445 3516 595 6666 6745 881} 8895 8967 9042 9117 20
9117 9192 9267 9542 9417 9492 9567 9641 9716 9791 9866 10
9866 9941 0015 0090 0165 0240 0514 0589 0464 0558 0615 023

37 0 8450615 0688 0762 0857 12' 0986 1061 1155 1210 1285 1559 50

10 1559 1454 1508 155 157 1752 1806 181 1955 2029 2104 40
20 2104 4178 2255 2527 2401 2476 2550 2624 2699 2775 2847 50
sowumwmmfflmmmwwffm
wmmwmfflmwfflmmwm
wwmfflwmmwwwwwm

ffiommmffmwmfflfffffflffw
mfffffflfflfflffffffffssffiffl
400912οΉΉΜ1 ψ

ssffiwmwwwffiwfflfflfflw
ssfffflQQffiQwfflfffffflQ

390 9481 95 5 9628 9701 9774 9847 920 9995 0066 019 0212 50
10 8460212 025 0558 0491 0504 0577 0 50 0725 0796 089 42 40
20 2 1015 108 111 124 1506 1579 142 1525 159 170 50
5ο 170 1745 1816 1889 1962 2054 2107 2160 2252 2525 2598 20
4ο 2598 2470 2545 261 2688 271 2854 2 2979 5051 5124 10

wmwfflwmfflmwmwwm

190900
⁴ ss'

 

 

4000000

ww

 

