 

 

”affl 7 7 L01 Ι 174
250 777747 300 477777 350 744766 600 677767 650 677777
{⁵} 773-674 73173 w 7717174377 477 677733 473 2⁵⁴¹⁷g³
777 8777777 777 477447 777 777777 48787 6787777 777 67677778
774 1114333711 774 477774 774 7577311474 676777 474 677

474777 77773 113 41311471167137
447744 7 467777 77 777477 67717

8764444 ³³ 3 603 73 0666 36636
777 477777 777 477777 777 777774 477 677777 477 8688867677

260 474777 310 477767 360 776777 410 644774 260 667776
767 476647 377 497366 367 33 507 477 673346 467 663367
262 418301 312 494733 367 336369 412 674393 467 6164637
767 477776 777 477744 767 777777 477 677777 467 ·76677
764 477663 374 496936 364 5⁶110¹ 474167ζ431911464 666373

666 *8434 766198 6 766 66636 668 444444 2⁶ 6666

763476377 373 367639 363 564666 473 6767364 4663 69333
76 473733 37 367473 366 56513361 476 677736 46 636
767 477777 777 777777 76767 767446 477 677774 467 677777
270 477764 320 777777 370 767777 620 677747 670 677777

²71 432969 3²¹ 366363 337 5⁶9374 421 644637 437 633677 1
777 474767 777 7777 777 777747 4776 7777 477 677
1 777 476767 777 777777 777 777777 477 6 747 477 67 67

774 477777 774 7733711774 777777 474 673766 474 673376
7363648976 77 77777677 7783876888 67977886 67688 633663
373 447467 363 1113471773 336343 333 63341173 333 6313373
777 8477886778 777 7777787688 777 776 677 4776 677477 477 6677786
260 447777 330 777777 380 777764 030 677467 680 677747

³ 447776 777 777676 777 777777 477 67447 467 667447
777 777776 777 777767 477 6733 477 667747
777 777444 777 777777 4776747 477 677747

11111 1 474 43311554 774 674747
7777 7668 6711311466 4⁶g 676676

477677 773 77677 7331

33337777 7777 7 77 47 6888847434 8476 667876
76 777 777777 777 777777 47764747 477 677777

777 333313 747 77777 34514151 9134 713415
7
3414313767 474 677 77

6767 433
77777 77 647777 4 677474

477776 74 747777 7 ⁴4 794947 99 794997
88876474776 776 74777 7 8888967 794497 496 22,
777 477677 747 7 77 777 7 444-9111114447 499 101

777ξ3377

 

