rs¹mfflwwwwwwws9
μ ΜΜΜΜοΜ3ΜΜοΜ οΜΜ
5οΗΜΜΜο 886ἯΜΜΜΜ Α
54ΜΜΜΜΜΜΜΜΜΜ.;
55 530050 006 0087 0005 0000 0040 0058 0075 0033 0000 ¹
56 0008 0046 0064 0080 0033 0317 0334 0352 0370 0387

ΜΜ ΜΜΜΟΠΜΜΜ
58 0580 0600 6667 0635 0653 0670 0688 03 0740
{omwmmwwmmemw7

ΜΜΜΜΜΜΜΜΜΜΜΜ

60 0000 000 0047 0065 0080 0000 0007 0035 0053 0070 08

60 0088 038 0303 0340 033 0376 0334 0400 003 0447 ¹ ¹3
63 0464 0480 0500 0507 0535 0553 0570 0588 0 5 0 ² 3⁶
64 0640 0658 0676 0634 0700 0703 0746 0764 0780 0733 3 54
65 33 0807 0835 0850 0870 087 0305 0303 0340 0358 0375 4 70

66 0333 0000 0008 00460064 0080 0033 0006 0034 0050 5 3.0
67 0063 0087 0004 0000 0040 0057 0075 0030 0300 0308 ⁶¹⁰3

68 0345 0363 0380 0338 0406 0433 0450 048 0486 0503 {¹²¹⁶

630500 0533 0556 2574 259¹ 1609 1617 ²⁶⁴4² ⁶² ²⁶79⁷ 3666

νιἫὛΜΜΜΜΜΜΜΜ
7οΜ06ΜΜΜΜΜΜΜΜ
0οΜΜΜΜΜΜοΜΜΜΜ

74ΜΜοΜᾞΜΜῇ3οΜΜ
· 7 ³⁹ 33 33 33⁰ 33 333 33³ ³⁸⁵⁶ 000 331 33ss
7 ΜΜΜΜΜΜΜΜΜΜ

76 4101 4119 4136 4154 4171 4169 4106 4114 4141 4159
79 4177 4194 4311 4319 4347 4864 4382 4599 4417 4434'

 

3 ΜΜΜΜΜἫΞ
οΜΜΜοΜΜΜΜΜΜΜΗ7
ὴΜΜΜΜΜΜΜΜΜΜιμ

34ΜΜΜΜΜΜΜΜΜᾞ wffi
0 000 00 00 00 00 00 00 00 ⁵22

ΜΨἚΜΜεΜΜΜΜ 3ΞΞ Ξ
6066566040 666 66 66 06066766 6636656666 000 6666 6666 666646 6080 3,05.3

30 6374 6330 6403 6406 6 5 6460 6478 6436 6503 6530 ,
30 654 655 6583 6600 6 6635 6653 6670 68 76705

33 6700 6740 6757 6775 6730 6803 6807 6844 6860 673
34 6836 6304 6330 6343 6366 6384 700! 7008 7036 7053
πυΜηΜνπωυψυβωωυπωωτ
07ΜΜΜΜΜΉΜΜοοΜΜο

 

ητωῑῴωωΜΜΜὟωωφΜ
9 ΜήωΜΜΜΗὸΜΜΨΗΜΜ
w ΜΜΜΜΜΜΜΜΜΜ

ΜΜΜΜΜΜΜΜΜΜΜΜ

N· 0 umanum 0

2450'= 0⁰'“4050
0460πο40 0

040 04000
7460304110
mmm

 

 

